Tableau could not be completed!
[0 0 0 0 0 0 0|0 0 0 0 0 0 0]
[0 0 0 0 0 0 0|0 0 0 0 0 0 0]
[0 0 0 0 0 0 0|0 0 0 0 0 0 0]
[0 0 0 0 0 0 0|0 0 0 0 0 0 0]
[0 0 0 0 0 0 0|0 0 0 0 0 0 0]
[0 0 0 0 0 0 0|0 0 0 0 0 0 0]
[0 0 0 0 0 0 0|0 0 0 0 0 0 0]
[1 0 1 0 1 0 1|0 0 0 0 0 0 0]
[0 1 1 0 0 1 1|0 0 0 0 0 0 0]
[0 0 0 1 1 1 1|0 0 0 0 0 0 0]
[0 0 0 0 0 0 0|1 0 1 0 1 0 1]
[0 0 0 0 0 0 0|0 1 1 0 0 1 1]
[0 0 0 0 0 0 0|0 0 0 1 1 1 1]
[1 1 0 1 0 0 1|1 1 0 1 0 0 1]
-------
[0 0 0 0 0 0 0|0 0 0 0 0 0 0]
[0 0 0 0 0 0 0|0 0 0 0 0 0 0]
[0 0 0 0 0 0 0|0 0 0 0 0 0 0]
[0 0 0 0 0 0 0|0 0 0 0 0 0 0]
[0 0 0 0 0 0 0|0 0 0 0 0 0 0]
[0 0 0 0 0 0 0|0 0 0 0 0 0 0]
[0 0 0 0 0 0 0|0 0 0 0 0 0 0]
[1 0 1 0 1 0 1|1 0 0 0 0 0 0]
[0 1 1 0 0 1 1|0 0 0 0 0 0 0]
[0 0 0 1 1 1 1|0 0 0 0 0 0 0]
[0 0 0 0 0 0 0|1 0 1 0 1 0 1]
[0 0 0 0 0 0 0|0 1 1 0 0 1 1]
[0 0 0 0 0 0 0|0 0 0 1 1 1 1]
[1 1 0 1 0 0 1|0 1 0 1 0 0 1]
==========
[0 0 0 0 0 0 0|0 0 0 0 0 0 0]
[0 0 0 0 0 0 0|0 0 0 0 0 0 0]
[0 0 0 0 0 0 0|0 0 0 0 0 0 0]
[0 0 0 0 0 0 0|0 0 0 0 0 0 0]
[0 0 0 0 0 0 0|0 0 0 0 0 0 0]
[0 0 0 0 0 0 0|0 0 0 0 0 0 0]
[0 0 0 0 0 0 0|0 0 0 0 0 0 0]
[1 0 1 0 1 0 1|1 0 0 0 0 0 0]
[0 1 1 0 0 1 1|0 0 0 0 0 0 0]
[0 0 0 1 1 1 1|0 0 0 0 0 0 0]
[0 0 0 0 0 0 0|1 0 1 0 1 0 1]
[0 0 0 0 0 0 0|0 1 1 0 0 1 1]
[0 0 0 0 0 0 0|0 0 0 1 1 1 1]
[1 1 0 1 0 0 1|0 1 0 1 0 0 1]
-------
[0 0 0 0 0 0 0|0 0 0 0 0 0 0]
[0 0 0 0 0 0 0|0 0 0 0 0 0 0]
[0 0 0 0 0 0 0|0 0 0 0 0 0 0]
[0 0 0 0 0 0 0|0 0 0 0 0 0 0]
[0 0 0 0 0 0 0|0 0 0 0 0 0 0]
[0 0 0 0 0 0 0|0 0 0 0 0 0 0]
[0 0 0 0 0 0 0|0 0 0 0 0 0 0]
[0 0 1 0 1 0 1|1 0 0 0 0 0 0]
[0 1 1 0 0 1 1|0 0 0 0 0 0 0]
[0 0 0 1 1 1 1|0 0 0 0 0 0 0]
[1 0 0 0 0 0 0|1 0 1 0 1 0 1]
[0 0 0 0 0 0 0|0 1 1 0 0 1 1]
[0 0 0 0 0 0 0|0 0 0 1 1 1 1]
[1 1 0 1 0 0 1|0 1 0 1 0 0 1]
==========
[0 0 0 0 0 0 0|0 0 0 0 0 0 0]
[0 0 0 0 0 0 0|0 0 0 0 0 0 0]
[0 0 0 0 0 0 0|0 0 0 0 0 0 0]
[0 0 0 0 0 0 0|0 0 0 0 0 0 0]
[0 0 0 0 0 0 0|0 0 0 0 0 0 0]
[0 0 0 0 0 0 0|0 0 0 0 0 0 0]
[0 0 0 0 0 0 0|0 0 0 0 0 0 0]
[0 0 1 0 1 0 1|1 0 0 0 0 0 0]
[0 1 1 0 0 1 1|0 0 0 0 0 0 0]
[0 0 0 1 1 1 1|0 0 0 0 0 0 0]
[1 0 0 0 0 0 0|1 0 1 0 1 0 1]
[0 0 0 0 0 0 0|0 1 1 0 0 1 1]
[0 0 0 0 0 0 0|0 0 0 1 1 1 1]
[1 1 0 1 0 0 1|0 1 0 1 0 0 1]
-------
[0 0 0 0 0 0 0|0 0 0 0 0 0 0]
[0 0 0 0 0 0 0|0 0 0 0 0 0 0]
[0 0 0 0 0 0 0|0 0 0 0 0 0 0]
[0 0 0 0 0 0 0|0 0 0 0 0 0 0]
[0 0 0 0 0 0 0|0 0 0 0 0 0 0]
[0 0 0 0 0 0 0|0 0 0 0 0 0 0]
[0 0 0 0 0 0 0|0 0 0 0 0 0 0]
[0 0 0 0 1 0 1|1 0 0 0 0 0 0]
[0 1 1 0 0 1 1|0 0 0 0 0 0 0]
[0 0 0 1 1 1 1|0 0 0 0 0 0 0]
[1 0 1 0 0 0 0|1 0 1 0 1 0 1]
[0 0 0 0 0 0 0|0 1 1 0 0 1 1]
[0 0 0 0 0 0 0|0 0 0 1 1 1 1]
[1 1 0 1 0 0 1|0 1 0 1 0 0 1]
==========
[0 0 0 0 0 0 0|0 0 0 0 0 0 0]
[0 0 0 0 0 0 0|0 0 0 0 0 0 0]
[0 0 0 0 0 0 0|0 0 0 0 0 0 0]
[0 0 0 0 0 0 0|0 0 0 0 0 0 0]
[0 0 0 0 0 0 0|0 0 0 0 0 0 0]
[0 0 0 0 0 0 0|0 0 0 0 0 0 0]
[0 0 0 0 0 0 0|0 0 0 0 0 0 0]
[0 0 0 0 1 0 1|1 0 0 0 0 0 0]
[0 1 1 0 0 1 1|0 0 0 0 0 0 0]
[0 0 0 1 1 1 1|0 0 0 0 0 0 0]
[1 0 1 0 0 0 0|1 0 1 0 1 0 1]
[0 0 0 0 0 0 0|0 1 1 0 0 1 1]
[0 0 0 0 0 0 0|0 0 0 1 1 1 1]
[1 1 0 1 0 0 1|0 1 0 1 0 0 1]
-------
[0 0 0 0 0 0 0|0 0 0 0 0 0 0]
[0 0 0 0 0 0 0|0 0 0 0 0 0 0]
[0 0 0 0 0 0 0|0 0 0 0 0 0 0]
[0 0 0 0 0 0 0|0 0 0 0 0 0 0]
[0 0 0 0 0 0 0|0 0 0 0 0 0 0]
[0 0 0 0 0 0 0|0 0 0 0 0 0 0]
[0 0 0 0 0 0 0|0 0 0 0 0 0 0]
[0 0 0 0 0 0 1|1 0 0 0 0 0 0]
[0 1 1 0 0 1 1|0 0 0 0 0 0 0]
[0 0 0 1 1 1 1|0 0 0 0 0 0 0]
[1 0 1 0 1 0 0|1 0 1 0 1 0 1]
[0 0 0 0 0 0 0|0 1 1 0 0 1 1]
[0 0 0 0 0 0 0|0 0 0 1 1 1 1]
[1 1 0 1 0 0 1|0 1 0 1 0 0 1]
==========
[0 0 0 0 0 0 0|0 0 0 0 0 0 0]
[0 0 0 0 0 0 0|0 0 0 0 0 0 0]
[0 0 0 0 0 0 0|0 0 0 0 0 0 0]
[0 0 0 0 0 0 0|0 0 0 0 0 0 0]
[0 0 0 0 0 0 0|0 0 0 0 0 0 0]
[0 0 0 0 0 0 0|0 0 0 0 0 0 0]
[0 0 0 0 0 0 0|0 0 0 0 0 0 0]
[0 0 0 0 0 0 1|1 0 0 0 0 0 0]
[0 1 1 0 0 1 1|0 0 0 0 0 0 0]
[0 0 0 1 1 1 1|0 0 0 0 0 0 0]
[1 0 1 0 1 0 0|1 0 1 0 1 0 1]
[0 0 0 0 0 0 0|0 1 1 0 0 1 1]
[0 0 0 0 0 0 0|0 0 0 1 1 1 1]
[1 1 0 1 0 0 1|0 1 0 1 0 0 1]
-------
[0 0 0 0 0 0 0|0 0 0 0 0 0 0]
[0 0 0 0 0 0 0|0 0 0 0 0 0 0]
[0 0 0 0 0 0 0|0 0 0 0 0 0 0]
[0 0 0 0 0 0 0|0 0 0 0 0 0 0]
[0 0 0 0 0 0 0|0 0 0 0 0 0 0]
[0 0 0 0 0 0 0|0 0 0 0 0 0 0]
[0 0 0 0 0 0 0|0 0 0 0 0 0 0]
[0 0 0 0 0 0 0|1 0 0 0 0 0 0]
[0 1 1 0 0 1 1|0 0 0 0 0 0 0]
[0 0 0 1 1 1 1|0 0 0 0 0 0 0]
[1 0 1 0 1 0 1|1 0 1 0 1 0 1]
[0 0 0 0 0 0 0|0 1 1 0 0 1 1]
[0 0 0 0 0 0 0|0 0 0 1 1 1 1]
[1 1 0 1 0 0 1|0 1 0 1 0 0 1]
==========
[0 0 0 0 0 0 0|0 0 0 0 0 0 0]
[0 0 0 0 0 0 0|0 0 0 0 0 0 0]
[0 0 0 0 0 0 0|0 0 0 0 0 0 0]
[0 0 0 0 0 0 0|0 0 0 0 0 0 0]
[0 0 0 0 0 0 0|0 0 0 0 0 0 0]
[0 0 0 0 0 0 0|0 0 0 0 0 0 0]
[0 0 0 0 0 0 0|0 0 0 0 0 0 0]
[0 0 0 0 0 0 0|1 0 0 0 0 0 0]
[0 1 1 0 0 1 1|0 0 0 0 0 0 0]
[0 0 0 1 1 1 1|0 0 0 0 0 0 0]
[1 0 1 0 1 0 1|1 0 1 0 1 0 1]
[0 0 0 0 0 0 0|0 1 1 0 0 1 1]
[0 0 0 0 0 0 0|0 0 0 1 1 1 1]
[1 1 0 1 0 0 1|0 1 0 1 0 0 1]
-------
[0 0 0 0 0 0 0|0 0 0 0 0 0 0]
[0 0 0 0 0 0 0|0 0 0 0 0 0 0]
[0 0 0 0 0 0 0|0 0 0 0 0 0 0]
[0 0 0 0 0 0 0|0 0 0 0 0 0 0]
[0 0 0 0 0 0 0|0 0 0 0 0 0 0]
[0 0 0 0 0 0 0|0 0 0 0 0 0 0]
[0 0 0 0 0 0 0|0 0 0 0 0 0 0]
[0 0 0 0 0 0 0|1 0 0 0 0 0 0]
[0 1 1 0 0 1 1|0 1 0 0 0 0 0]
[0 0 0 1 1 1 1|0 0 0 0 0 0 0]
[1 0 1 0 1 0 1|1 0 1 0 1 0 1]
[0 0 0 0 0 0 0|0 1 1 0 0 1 1]
[0 0 0 0 0 0 0|0 0 0 1 1 1 1]
[1 1 0 1 0 0 1|0 0 0 1 0 0 1]
==========
[0 0 0 0 0 0 0|0 0 0 0 0 0 0]
[0 0 0 0 0 0 0|0 0 0 0 0 0 0]
[0 0 0 0 0 0 0|0 0 0 0 0 0 0]
[0 0 0 0 0 0 0|0 0 0 0 0 0 0]
[0 0 0 0 0 0 0|0 0 0 0 0 0 0]
[0 0 0 0 0 0 0|0 0 0 0 0 0 0]
[0 0 0 0 0 0 0|0 0 0 0 0 0 0]
[0 0 0 0 0 0 0|1 0 0 0 0 0 0]
[0 1 1 0 0 1 1|0 1 0 0 0 0 0]
[0 0 0 1 1 1 1|0 0 0 0 0 0 0]
[1 0 1 0 1 0 1|1 0 1 0 1 0 1]
[0 0 0 0 0 0 0|0 1 1 0 0 1 1]
[0 0 0 0 0 0 0|0 0 0 1 1 1 1]
[1 1 0 1 0 0 1|0 0 0 1 0 0 1]
-------
[0 0 0 0 0 0 0|0 0 0 0 0 0 0]
[0 0 0 0 0 0 0|0 0 0 0 0 0 0]
[0 0 0 0 0 0 0|0 0 0 0 0 0 0]
[0 0 0 0 0 0 0|0 0 0 0 0 0 0]
[0 0 0 0 0 0 0|0 0 0 0 0 0 0]
[0 0 0 0 0 0 0|0 0 0 0 0 0 0]
[0 0 0 0 0 0 0|0 0 0 0 0 0 0]
[0 0 0 0 0 0 0|1 0 0 0 0 0 0]
[0 0 1 0 0 1 1|0 1 0 0 0 0 0]
[0 0 0 1 1 1 1|0 0 0 0 0 0 0]
[1 0 1 0 1 0 1|1 0 1 0 1 0 1]
[0 1 0 0 0 0 0|0 1 1 0 0 1 1]
[0 0 0 0 0 0 0|0 0 0 1 1 1 1]
[1 1 0 1 0 0 1|0 0 0 1 0 0 1]
==========
[0 0 0 0 0 0 0|0 0 0 0 0 0 0]
[0 0 0 0 0 0 0|0 0 0 0 0 0 0]
[0 0 0 0 0 0 0|0 0 0 0 0 0 0]
[0 0 0 0 0 0 0|0 0 0 0 0 0 0]
[0 0 0 0 0 0 0|0 0 0 0 0 0 0]
[0 0 0 0 0 0 0|0 0 0 0 0 0 0]
[0 0 0 0 0 0 0|0 0 0 0 0 0 0]
[0 0 0 0 0 0 0|1 0 0 0 0 0 0]
[0 0 1 0 0 1 1|0 1 0 0 0 0 0]
[0 0 0 1 1 1 1|0 0 0 0 0 0 0]
[1 0 1 0 1 0 1|1 0 1 0 1 0 1]
[0 1 0 0 0 0 0|0 1 1 0 0 1 1]
[0 0 0 0 0 0 0|0 0 0 1 1 1 1]
[1 1 0 1 0 0 1|0 0 0 1 0 0 1]
-------
[0 0 0 0 0 0 0|0 0 0 0 0 0 0]
[0 0 0 0 0 0 0|0 0 0 0 0 0 0]
[0 0 0 0 0 0 0|0 0 0 0 0 0 0]
[0 0 0 0 0 0 0|0 0 0 0 0 0 0]
[0 0 0 0 0 0 0|0 0 0 0 0 0 0]
[0 0 0 0 0 0 0|0 0 0 0 0 0 0]
[0 0 0 0 0 0 0|0 0 0 0 0 0 0]
[0 0 0 0 0 0 0|1 0 0 0 0 0 0]
[0 0 0 0 0 1 1|0 1 0 0 0 0 0]
[0 0 0 1 1 1 1|0 0 0 0 0 0 0]
[1 0 1 0 1 0 1|1 0 1 0 1 0 1]
[0 1 1 0 0 0 0|0 1 1 0 0 1 1]
[0 0 0 0 0 0 0|0 0 0 1 1 1 1]
[1 1 0 1 0 0 1|0 0 0 1 0 0 1]
==========
[0 0 0 0 0 0 0|0 0 0 0 0 0 0]
[0 0 0 0 0 0 0|0 0 0 0 0 0 0]
[0 0 0 0 0 0 0|0 0 0 0 0 0 0]
[0 0 0 0 0 0 0|0 0 0 0 0 0 0]
[0 0 0 0 0 0 0|0 0 0 0 0 0 0]
[0 0 0 0 0 0 0|0 0 0 0 0 0 0]
[0 0 0 0 0 0 0|0 0 0 0 0 0 0]
[0 0 0 0 0 0 0|1 0 0 0 0 0 0]
[0 0 0 0 0 1 1|0 1 0 0 0 0 0]
[0 0 0 1 1 1 1|0 0 0 0 0 0 0]
[1 0 1 0 1 0 1|1 0 1 0 1 0 1]
[0 1 1 0 0 0 0|0 1 1 0 0 1 1]
[0 0 0 0 0 0 0|0 0 0 1 1 1 1]
[1 1 0 1 0 0 1|0 0 0 1 0 0 1]
-------
[0 0 0 0 0 0 0|0 0 0 0 0 0 0]
[0 0 0 0 0 0 0|0 0 0 0 0 0 0]
[0 0 0 0 0 0 0|0 0 0 0 0 0 0]
[0 0 0 0 0 0 0|0 0 0 0 0 0 0]
[0 0 0 0 0 0 0|0 0 0 0 0 0 0]
[0 0 0 0 0 0 0|0 0 0 0 0 0 0]
[0 0 0 0 0 0 0|0 0 0 0 0 0 0]
[0 0 0 0 0 0 0|1 0 0 0 0 0 0]
[0 0 0 0 0 0 1|0 1 0 0 0 0 0]
[0 0 0 1 1 1 1|0 0 0 0 0 0 0]
[1 0 1 0 1 0 1|1 0 1 0 1 0 1]
[0 1 1 0 0 1 0|0 1 1 0 0 1 1]
[0 0 0 0 0 0 0|0 0 0 1 1 1 1]
[1 1 0 1 0 0 1|0 0 0 1 0 0 1]
==========
[0 0 0 0 0 0 0|0 0 0 0 0 0 0]
[0 0 0 0 0 0 0|0 0 0 0 0 0 0]
[0 0 0 0 0 0 0|0 0 0 0 0 0 0]
[0 0 0 0 0 0 0|0 0 0 0 0 0 0]
[0 0 0 0 0 0 0|0 0 0 0 0 0 0]
[0 0 0 0 0 0 0|0 0 0 0 0 0 0]
[0 0 0 0 0 0 0|0 0 0 0 0 0 0]
[0 0 0 0 0 0 0|1 0 0 0 0 0 0]
[0 0 0 0 0 0 1|0 1 0 0 0 0 0]
[0 0 0 1 1 1 1|0 0 0 0 0 0 0]
[1 0 1 0 1 0 1|1 0 1 0 1 0 1]
[0 1 1 0 0 1 0|0 1 1 0 0 1 1]
[0 0 0 0 0 0 0|0 0 0 1 1 1 1]
[1 1 0 1 0 0 1|0 0 0 1 0 0 1]
-------
[0 0 0 0 0 0 0|0 0 0 0 0 0 0]
[0 0 0 0 0 0 0|0 0 0 0 0 0 0]
[0 0 0 0 0 0 0|0 0 0 0 0 0 0]
[0 0 0 0 0 0 0|0 0 0 0 0 0 0]
[0 0 0 0 0 0 0|0 0 0 0 0 0 0]
[0 0 0 0 0 0 0|0 0 0 0 0 0 0]
[0 0 0 0 0 0 0|0 0 0 0 0 0 0]
[0 0 0 0 0 0 0|1 0 0 0 0 0 0]
[0 0 0 0 0 0 0|0 1 0 0 0 0 0]
[0 0 0 1 1 1 1|0 0 0 0 0 0 0]
[1 0 1 0 1 0 1|1 0 1 0 1 0 1]
[0 1 1 0 0 1 1|0 1 1 0 0 1 1]
[0 0 0 0 0 0 0|0 0 0 1 1 1 1]
[1 1 0 1 0 0 1|0 0 0 1 0 0 1]
==========
[0 0 0 0 0 0 0|0 0 0 0 0 0 0]
[0 0 0 0 0 0 0|0 0 0 0 0 0 0]
[0 0 0 0 0 0 0|0 0 0 0 0 0 0]
[0 0 0 0 0 0 0|0 0 0 0 0 0 0]
[0 0 0 0 0 0 0|0 0 0 0 0 0 0]
[0 0 0 0 0 0 0|0 0 0 0 0 0 0]
[0 0 0 0 0 0 0|0 0 0 0 0 0 0]
[0 0 0 0 0 0 0|1 0 0 0 0 0 0]
[0 0 0 0 0 0 0|0 1 0 0 0 0 0]
[0 0 0 1 1 1 1|0 0 0 0 0 0 0]
[1 0 1 0 1 0 1|1 0 1 0 1 0 1]
[0 1 1 0 0 1 1|0 1 1 0 0 1 1]
[0 0 0 0 0 0 0|0 0 0 1 1 1 1]
[1 1 0 1 0 0 1|0 0 0 1 0 0 1]
-------
[0 0 0 0 0 0 0|0 0 0 0 0 0 0]
[0 0 0 0 0 0 0|0 0 0 0 0 0 0]
[0 0 0 0 0 0 0|0 0 0 0 0 0 0]
[0 0 0 0 0 0 0|0 0 0 0 0 0 0]
[0 0 0 0 0 0 0|0 0 0 0 0 0 0]
[0 0 0 0 0 0 0|0 0 0 0 0 0 0]
[0 0 0 0 0 0 0|0 0 0 0 0 0 0]
[0 0 0 0 0 0 0|1 0 0 0 0 0 0]
[0 0 0 0 0 0 0|0 1 0 0 0 0 0]
[0 0 0 1 1 1 1|0 0 1 0 0 0 0]
[1 0 1 0 1 0 1|1 0 1 0 1 0 1]
[0 1 1 0 0 1 1|0 1 1 0 0 1 1]
[0 0 0 0 0 0 0|0 0 0 1 1 1 1]
[1 1 0 1 0 0 1|0 0 1 1 0 0 1]
==========
[0 0 0 0 0 0 0|0 0 0 0 0 0 0]
[0 0 0 0 0 0 0|0 0 0 0 0 0 0]
[0 0 0 0 0 0 0|0 0 0 0 0 0 0]
[0 0 0 0 0 0 0|0 0 0 0 0 0 0]
[0 0 0 0 0 0 0|0 0 0 0 0 0 0]
[0 0 0 0 0 0 0|0 0 0 0 0 0 0]
[0 0 0 0 0 0 0|0 0 0 0 0 0 0]
[0 0 0 0 0 0 0|1 0 0 0 0 0 0]
[0 0 0 0 0 0 0|0 1 0 0 0 0 0]
[0 0 0 1 1 1 1|0 0 1 0 0 0 0]
[1 0 1 0 1 0 1|1 0 1 0 1 0 1]
[0 1 1 0 0 1 1|0 1 1 0 0 1 1]
[0 0 0 0 0 0 0|0 0 0 1 1 1 1]
[1 1 0 1 0 0 1|0 0 1 1 0 0 1]
-------
[0 0 0 0 0 0 0|0 0 0 0 0 0 0]
[0 0 0 0 0 0 0|0 0 0 0 0 0 0]
[0 0 0 0 0 0 0|0 0 0 0 0 0 0]
[0 0 0 0 0 0 0|0 0 0 0 0 0 0]
[0 0 0 0 0 0 0|0 0 0 0 0 0 0]
[0 0 0 0 0 0 0|0 0 0 0 0 0 0]
[0 0 0 0 0 0 0|0 0 0 0 0 0 0]
[0 0 0 0 0 0 0|1 0 0 0 0 0 0]
[0 0 0 0 0 0 0|0 1 0 0 0 0 0]
[0 0 0 0 1 1 1|0 0 1 0 0 0 0]
[1 0 1 1 1 0 1|1 0 1 0 1 0 1]
[0 1 1 1 0 1 1|0 1 1 0 0 1 1]
[0 0 0 0 0 0 0|0 0 0 1 1 1 1]
[1 1 0 0 0 0 1|0 0 1 1 0 0 1]
==========
[0 0 0 0 0 0 0|0 0 0 0 0 0 0]
[0 0 0 0 0 0 0|0 0 0 0 0 0 0]
[0 0 0 0 0 0 0|0 0 0 0 0 0 0]
[0 0 0 0 0 0 0|0 0 0 0 0 0 0]
[0 0 0 0 0 0 0|0 0 0 0 0 0 0]
[0 0 0 0 0 0 0|0 0 0 0 0 0 0]
[0 0 0 0 0 0 0|0 0 0 0 0 0 0]
[0 0 0 0 0 0 0|1 0 0 0 0 0 0]
[0 0 0 0 0 0 0|0 1 0 0 0 0 0]
[0 0 0 0 1 1 1|0 0 1 0 0 0 0]
[1 0 1 1 1 0 1|1 0 1 0 1 0 1]
[0 1 1 1 0 1 1|0 1 1 0 0 1 1]
[0 0 0 0 0 0 0|0 0 0 1 1 1 1]
[1 1 0 0 0 0 1|0 0 1 1 0 0 1]
-------
[0 0 0 0 0 0 0|0 0 0 0 0 0 0]
[0 0 0 0 0 0 0|0 0 0 0 0 0 0]
[0 0 0 0 0 0 0|0 0 0 0 0 0 0]
[0 0 0 0 0 0 0|0 0 0 0 0 0 0]
[0 0 0 0 0 0 0|0 0 0 0 0 0 0]
[0 0 0 0 0 0 0|0 0 0 0 0 0 0]
[0 0 0 0 0 0 0|0 0 0 0 0 0 0]
[0 0 0 0 0 0 0|1 0 0 0 0 0 0]
[0 0 0 0 0 0 0|0 1 0 0 0 0 0]
[0 0 0 0 0 1 1|0 0 1 0 0 0 0]
[1 0 1 1 0 0 1|1 0 1 0 1 0 1]
[0 1 1 1 1 1 1|0 1 1 0 0 1 1]
[0 0 0 0 0 0 0|0 0 0 1 1 1 1]
[1 1 0 0 1 0 1|0 0 1 1 0 0 1]
==========
[0 0 0 0 0 0 0|0 0 0 0 0 0 0]
[0 0 0 0 0 0 0|0 0 0 0 0 0 0]
[0 0 0 0 0 0 0|0 0 0 0 0 0 0]
[0 0 0 0 0 0 0|0 0 0 0 0 0 0]
[0 0 0 0 0 0 0|0 0 0 0 0 0 0]
[0 0 0 0 0 0 0|0 0 0 0 0 0 0]
[0 0 0 0 0 0 0|0 0 0 0 0 0 0]
[0 0 0 0 0 0 0|1 0 0 0 0 0 0]
[0 0 0 0 0 0 0|0 1 0 0 0 0 0]
[0 0 0 0 0 1 1|0 0 1 0 0 0 0]
[1 0 1 1 0 0 1|1 0 1 0 1 0 1]
[0 1 1 1 1 1 1|0 1 1 0 0 1 1]
[0 0 0 0 0 0 0|0 0 0 1 1 1 1]
[1 1 0 0 1 0 1|0 0 1 1 0 0 1]
-------
[0 0 0 0 0 0 0|0 0 0 0 0 0 0]
[0 0 0 0 0 0 0|0 0 0 0 0 0 0]
[0 0 0 0 0 0 0|0 0 0 0 0 0 0]
[0 0 0 0 0 0 0|0 0 0 0 0 0 0]
[0 0 0 0 0 0 0|0 0 0 0 0 0 0]
[0 0 0 0 0 0 0|0 0 0 0 0 0 0]
[0 0 0 0 0 0 0|0 0 0 0 0 0 0]
[0 0 0 0 0 0 0|1 0 0 0 0 0 0]
[0 0 0 0 0 0 0|0 1 0 0 0 0 0]
[0 0 0 0 0 0 1|0 0 1 0 0 0 0]
[1 0 1 1 0 1 1|1 0 1 0 1 0 1]
[0 1 1 1 1 0 1|0 1 1 0 0 1 1]
[0 0 0 0 0 0 0|0 0 0 1 1 1 1]
[1 1 0 0 1 1 1|0 0 1 1 0 0 1]
==========
[0 0 0 0 0 0 0|0 0 0 0 0 0 0]
[0 0 0 0 0 0 0|0 0 0 0 0 0 0]
[0 0 0 0 0 0 0|0 0 0 0 0 0 0]
[0 0 0 0 0 0 0|0 0 0 0 0 0 0]
[0 0 0 0 0 0 0|0 0 0 0 0 0 0]
[0 0 0 0 0 0 0|0 0 0 0 0 0 0]
[0 0 0 0 0 0 0|0 0 0 0 0 0 0]
[0 0 0 0 0 0 0|1 0 0 0 0 0 0]
[0 0 0 0 0 0 0|0 1 0 0 0 0 0]
[0 0 0 0 0 0 1|0 0 1 0 0 0 0]
[1 0 1 1 0 1 1|1 0 1 0 1 0 1]
[0 1 1 1 1 0 1|0 1 1 0 0 1 1]
[0 0 0 0 0 0 0|0 0 0 1 1 1 1]
[1 1 0 0 1 1 1|0 0 1 1 0 0 1]
-------
[0 0 0 0 0 0 0|0 0 0 0 0 0 0]
[0 0 0 0 0 0 0|0 0 0 0 0 0 0]
[0 0 0 0 0 0 0|0 0 0 0 0 0 0]
[0 0 0 0 0 0 0|0 0 0 0 0 0 0]
[0 0 0 0 0 0 0|0 0 0 0 0 0 0]
[0 0 0 0 0 0 0|0 0 0 0 0 0 0]
[0 0 0 0 0 0 0|0 0 0 0 0 0 0]
[0 0 0 0 0 0 0|1 0 0 0 0 0 0]
[0 0 0 0 0 0 0|0 1 0 0 0 0 0]
[0 0 0 0 0 0 0|0 0 1 0 0 0 0]
[1 0 1 1 0 1 0|1 0 1 0 1 0 1]
[0 1 1 1 1 0 0|0 1 1 0 0 1 1]
[0 0 0 0 0 0 0|0 0 0 1 1 1 1]
[1 1 0 0 1 1 0|0 0 1 1 0 0 1]
==========
[0 0 0 0 0 0 0|0 0 0 0 0 0 0]
[0 0 0 0 0 0 0|0 0 0 0 0 0 0]
[0 0 0 0 0 0 0|0 0 0 0 0 0 0]
[0 0 0 0 0 0 0|0 0 0 0 0 0 0]
[0 0 0 0 0 0 0|0 0 0 0 0 0 0]
[0 0 0 0 0 0 0|0 0 0 0 0 0 0]
[0 0 0 0 0 0 0|0 0 0 0 0 0 0]
[0 0 0 0 0 0 0|1 0 0 0 0 0 0]
[0 0 0 0 0 0 0|0 1 0 0 0 0 0]
[0 0 0 0 0 0 0|0 0 1 0 0 0 0]
[1 0 1 1 0 1 0|1 0 1 0 1 0 1]
[0 1 1 1 1 0 0|0 1 1 0 0 1 1]
[0 0 0 0 0 0 0|0 0 0 1 1 1 1]
[1 1 0 0 1 1 0|0 0 1 1 0 0 1]
-------
[0 0 0 0 0 0 0|0 0 0 0 0 0 0]
[0 0 0 0 0 0 0|0 0 0 0 0 0 0]
[0 0 0 0 0 0 0|0 0 0 0 0 0 0]
[0 0 0 0 0 0 0|0 0 0 0 0 0 0]
[0 0 0 0 0 0 0|0 0 0 0 0 0 0]
[0 0 0 0 0 0 0|0 0 0 0 0 0 0]
[0 0 0 0 0 0 0|0 0 0 0 0 0 0]
[0 0 0 0 0 0 0|1 0 0 0 0 0 0]
[0 0 0 0 0 0 0|0 1 0 0 0 0 0]
[0 0 0 0 0 0 0|0 0 1 0 0 0 0]
[1 0 1 1 0 1 0|1 0 1 1 1 0 1]
[0 1 1 1 1 0 0|0 1 1 0 0 1 1]
[0 0 0 0 0 0 0|0 0 0 1 1 1 1]
[1 1 0 0 1 1 0|0 0 1 0 0 0 1]
==========
[0 0 0 0 0 0 0|0 0 0 0 0 0 0]
[0 0 0 0 0 0 0|0 0 0 0 0 0 0]
[0 0 0 0 0 0 0|0 0 0 0 0 0 0]
[0 0 0 0 0 0 0|0 0 0 0 0 0 0]
[0 0 0 0 0 0 0|0 0 0 0 0 0 0]
[0 0 0 0 0 0 0|0 0 0 0 0 0 0]
[0 0 0 0 0 0 0|0 0 0 0 0 0 0]
[0 0 0 0 0 0 0|1 0 0 0 0 0 0]
[0 0 0 0 0 0 0|0 1 0 0 0 0 0]
[0 0 0 0 0 0 0|0 0 1 0 0 0 0]
[1 0 1 1 0 1 0|1 0 1 1 1 0 1]
[0 1 1 1 1 0 0|0 1 1 0 0 1 1]
[0 0 0 0 0 0 0|0 0 0 1 1 1 1]
[1 1 0 0 1 1 0|0 0 1 0 0 0 1]
-------
[0 0 0 0 0 0 0|0 0 0 0 0 0 0]
[0 0 0 0 0 0 0|0 0 0 0 0 0 0]
[0 0 0 0 0 0 0|0 0 0 0 0 0 0]
[0 0 0 0 0 0 0|0 0 0 0 0 0 0]
[0 0 0 0 0 0 0|0 0 0 0 0 0 0]
[0 0 0 0 0 0 0|0 0 0 0 0 0 0]
[0 0 0 0 0 0 0|0 0 0 0 0 0 0]
[0 0 0 0 0 0 0|1 0 0 0 0 0 0]
[0 0 0 0 0 0 0|0 1 0 0 0 0 0]
[0 0 0 0 0 0 0|0 0 1 0 0 0 0]
[0 0 1 1 0 1 0|1 0 1 1 1 0 1]
[0 1 1 1 1 0 0|0 1 1 0 0 1 1]
[1 0 0 0 0 0 0|0 0 0 1 1 1 1]
[1 1 0 0 1 1 0|0 0 1 0 0 0 1]
==========
[0 0 0 0 0 0 0|0 0 0 0 0 0 0]
[0 0 0 0 0 0 0|0 0 0 0 0 0 0]
[0 0 0 0 0 0 0|0 0 0 0 0 0 0]
[0 0 0 0 0 0 0|0 0 0 0 0 0 0]
[0 0 0 0 0 0 0|0 0 0 0 0 0 0]
[0 0 0 0 0 0 0|0 0 0 0 0 0 0]
[0 0 0 0 0 0 0|0 0 0 0 0 0 0]
[0 0 0 0 0 0 0|1 0 0 0 0 0 0]
[0 0 0 0 0 0 0|0 1 0 0 0 0 0]
[0 0 0 0 0 0 0|0 0 1 0 0 0 0]
[0 0 1 1 0 1 0|1 0 1 1 1 0 1]
[0 1 1 1 1 0 0|0 1 1 0 0 1 1]
[1 0 0 0 0 0 0|0 0 0 1 1 1 1]
[1 1 0 0 1 1 0|0 0 1 0 0 0 1]
-------
[0 0 0 0 0 0 0|0 0 0 0 0 0 0]
[0 0 0 0 0 0 0|0 0 0 0 0 0 0]
[0 0 0 0 0 0 0|0 0 0 0 0 0 0]
[0 0 0 0 0 0 0|0 0 0 0 0 0 0]
[0 0 0 0 0 0 0|0 0 0 0 0 0 0]
[0 0 0 0 0 0 0|0 0 0 0 0 0 0]
[0 0 0 0 0 0 0|0 0 0 0 0 0 0]
[0 0 0 0 0 0 0|1 0 0 0 0 0 0]
[0 0 0 0 0 0 0|0 1 0 0 0 0 0]
[0 0 0 0 0 0 0|0 0 1 0 0 0 0]
[0 0 0 1 0 1 0|1 0 1 1 1 0 1]
[0 1 1 1 1 0 0|0 1 1 0 0 1 1]
[1 0 1 0 0 0 0|0 0 0 1 1 1 1]
[1 1 0 0 1 1 0|0 0 1 0 0 0 1]
==========
[0 0 0 0 0 0 0|0 0 0 0 0 0 0]
[0 0 0 0 0 0 0|0 0 0 0 0 0 0]
[0 0 0 0 0 0 0|0 0 0 0 0 0 0]
[0 0 0 0 0 0 0|0 0 0 0 0 0 0]
[0 0 0 0 0 0 0|0 0 0 0 0 0 0]
[0 0 0 0 0 0 0|0 0 0 0 0 0 0]
[0 0 0 0 0 0 0|0 0 0 0 0 0 0]
[0 0 0 0 0 0 0|1 0 0 0 0 0 0]
[0 0 0 0 0 0 0|0 1 0 0 0 0 0]
[0 0 0 0 0 0 0|0 0 1 0 0 0 0]
[0 0 0 1 0 1 0|1 0 1 1 1 0 1]
[0 1 1 1 1 0 0|0 1 1 0 0 1 1]
[1 0 1 0 0 0 0|0 0 0 1 1 1 1]
[1 1 0 0 1 1 0|0 0 1 0 0 0 1]
-------
[0 0 0 0 0 0 0|0 0 0 0 0 0 0]
[0 0 0 0 0 0 0|0 0 0 0 0 0 0]
[0 0 0 0 0 0 0|0 0 0 0 0 0 0]
[0 0 0 0 0 0 0|0 0 0 0 0 0 0]
[0 0 0 0 0 0 0|0 0 0 0 0 0 0]
[0 0 0 0 0 0 0|0 0 0 0 0 0 0]
[0 0 0 0 0 0 0|0 0 0 0 0 0 0]
[0 0 0 0 0 0 0|1 0 0 0 0 0 0]
[0 0 0 0 0 0 0|0 1 0 0 0 0 0]
[0 0 0 0 0 0 0|0 0 1 0 0 0 0]
[0 0 0 0 0 1 0|1 0 1 1 1 0 1]
[0 1 1 1 1 0 0|0 1 1 0 0 1 1]
[1 0 1 1 0 0 0|0 0 0 1 1 1 1]
[1 1 0 0 1 1 0|0 0 1 0 0 0 1]
==========
[0 0 0 0 0 0 0|0 0 0 0 0 0 0]
[0 0 0 0 0 0 0|0 0 0 0 0 0 0]
[0 0 0 0 0 0 0|0 0 0 0 0 0 0]
[0 0 0 0 0 0 0|0 0 0 0 0 0 0]
[0 0 0 0 0 0 0|0 0 0 0 0 0 0]
[0 0 0 0 0 0 0|0 0 0 0 0 0 0]
[0 0 0 0 0 0 0|0 0 0 0 0 0 0]
[0 0 0 0 0 0 0|1 0 0 0 0 0 0]
[0 0 0 0 0 0 0|0 1 0 0 0 0 0]
[0 0 0 0 0 0 0|0 0 1 0 0 0 0]
[0 0 0 0 0 1 0|1 0 1 1 1 0 1]
[0 1 1 1 1 0 0|0 1 1 0 0 1 1]
[1 0 1 1 0 0 0|0 0 0 1 1 1 1]
[1 1 0 0 1 1 0|0 0 1 0 0 0 1]
-------
[0 0 0 0 0 0 0|0 0 0 0 0 0 0]
[0 0 0 0 0 0 0|0 0 0 0 0 0 0]
[0 0 0 0 0 0 0|0 0 0 0 0 0 0]
[0 0 0 0 0 0 0|0 0 0 0 0 0 0]
[0 0 0 0 0 0 0|0 0 0 0 0 0 0]
[0 0 0 0 0 0 0|0 0 0 0 0 0 0]
[0 0 0 0 0 0 0|0 0 0 0 0 0 0]
[0 0 0 0 0 0 0|1 0 0 0 0 0 0]
[0 0 0 0 0 0 0|0 1 0 0 0 0 0]
[0 0 0 0 0 0 0|0 0 1 0 0 0 0]
[0 0 0 0 0 0 0|1 0 1 1 1 0 1]
[0 1 1 1 1 0 0|0 1 1 0 0 1 1]
[1 0 1 1 0 1 0|0 0 0 1 1 1 1]
[1 1 0 0 1 1 0|0 0 1 0 0 0 1]
==========
[0 0 0 0 0 0 0|0 0 0 0 0 0 0]
[0 0 0 0 0 0 0|0 0 0 0 0 0 0]
[0 0 0 0 0 0 0|0 0 0 0 0 0 0]
[0 0 0 0 0 0 0|0 0 0 0 0 0 0]
[0 0 0 0 0 0 0|0 0 0 0 0 0 0]
[0 0 0 0 0 0 0|0 0 0 0 0 0 0]
[0 0 0 0 0 0 0|0 0 0 0 0 0 0]
[0 0 0 0 0 0 0|1 0 0 0 0 0 0]
[0 0 0 0 0 0 0|0 1 0 0 0 0 0]
[0 0 0 0 0 0 0|0 0 1 0 0 0 0]
[0 0 0 0 0 0 0|1 0 1 1 1 0 1]
[0 1 1 1 1 0 0|0 1 1 0 0 1 1]
[1 0 1 1 0 1 0|0 0 0 1 1 1 1]
[1 1 0 0 1 1 0|0 0 1 0 0 0 1]
-------
[0 0 0 0 0 0 0|0 0 0 0 0 0 0]
[0 0 0 0 0 0 0|0 0 0 0 0 0 0]
[0 0 0 0 0 0 0|0 0 0 0 0 0 0]
[0 0 0 0 0 0 0|0 0 0 0 0 0 0]
[0 0 0 0 0 0 0|0 0 0 0 0 0 0]
[0 0 0 0 0 0 0|0 0 0 0 0 0 0]
[0 0 0 0 0 0 0|0 0 0 0 0 0 0]
[0 0 0 0 0 0 0|1 0 0 0 0 0 0]
[0 0 0 0 0 0 0|0 1 0 0 0 0 0]
[0 0 0 0 0 0 0|0 0 1 0 0 0 0]
[0 0 0 0 0 0 0|1 0 1 1 1 0 1]
[0 1 1 1 1 0 0|0 1 1 0 1 1 1]
[1 0 1 1 0 1 0|0 0 0 1 1 1 1]
[1 1 0 0 1 1 0|0 0 1 0 1 0 1]
==========
[0 0 0 0 0 0 0|0 0 0 0 0 0 0]
[0 0 0 0 0 0 0|0 0 0 0 0 0 0]
[0 0 0 0 0 0 0|0 0 0 0 0 0 0]
[0 0 0 0 0 0 0|0 0 0 0 0 0 0]
[0 0 0 0 0 0 0|0 0 0 0 0 0 0]
[0 0 0 0 0 0 0|0 0 0 0 0 0 0]
[0 0 0 0 0 0 0|0 0 0 0 0 0 0]
[0 0 0 0 0 0 0|1 0 0 0 0 0 0]
[0 0 0 0 0 0 0|0 1 0 0 0 0 0]
[0 0 0 0 0 0 0|0 0 1 0 0 0 0]
[0 0 0 0 0 0 0|1 0 1 1 1 0 1]
[0 1 1 1 1 0 0|0 1 1 0 1 1 1]
[1 0 1 1 0 1 0|0 0 0 1 1 1 1]
[1 1 0 0 1 1 0|0 0 1 0 1 0 1]
-------
[0 0 0 0 0 0 0|0 0 0 0 0 0 0]
[0 0 0 0 0 0 0|0 0 0 0 0 0 0]
[0 0 0 0 0 0 0|0 0 0 0 0 0 0]
[0 0 0 0 0 0 0|0 0 0 0 0 0 0]
[0 0 0 0 0 0 0|0 0 0 0 0 0 0]
[0 0 0 0 0 0 0|0 0 0 0 0 0 0]
[0 0 0 0 0 0 0|0 0 0 0 0 0 0]
[0 0 0 0 0 0 0|1 0 0 0 0 0 0]
[0 0 0 0 0 0 0|0 1 0 0 0 0 0]
[0 0 0 0 0 0 0|0 0 1 0 0 0 0]
[0 1 0 0 0 0 0|1 0 1 1 1 0 1]
[0 0 1 1 1 0 0|0 1 1 0 1 1 1]
[1 1 1 1 0 1 0|0 0 0 1 1 1 1]
[1 0 0 0 1 1 0|0 0 1 0 1 0 1]
==========
[0 0 0 0 0 0 0|0 0 0 0 0 0 0]
[0 0 0 0 0 0 0|0 0 0 0 0 0 0]
[0 0 0 0 0 0 0|0 0 0 0 0 0 0]
[0 0 0 0 0 0 0|0 0 0 0 0 0 0]
[0 0 0 0 0 0 0|0 0 0 0 0 0 0]
[0 0 0 0 0 0 0|0 0 0 0 0 0 0]
[0 0 0 0 0 0 0|0 0 0 0 0 0 0]
[0 0 0 0 0 0 0|1 0 0 0 0 0 0]
[0 0 0 0 0 0 0|0 1 0 0 0 0 0]
[0 0 0 0 0 0 0|0 0 1 0 0 0 0]
[0 1 0 0 0 0 0|1 0 1 1 1 0 1]
[0 0 1 1 1 0 0|0 1 1 0 1 1 1]
[1 1 1 1 0 1 0|0 0 0 1 1 1 1]
[1 0 0 0 1 1 0|0 0 1 0 1 0 1]
-------
[0 0 0 0 0 0 0|0 0 0 0 0 0 0]
[0 0 0 0 0 0 0|0 0 0 0 0 0 0]
[0 0 0 0 0 0 0|0 0 0 0 0 0 0]
[0 0 0 0 0 0 0|0 0 0 0 0 0 0]
[0 0 0 0 0 0 0|0 0 0 0 0 0 0]
[0 0 0 0 0 0 0|0 0 0 0 0 0 0]
[0 0 0 0 0 0 0|0 0 0 0 0 0 0]
[0 0 0 0 0 0 0|1 0 0 0 0 0 0]
[0 0 0 0 0 0 0|0 1 0 0 0 0 0]
[0 0 0 0 0 0 0|0 0 1 0 0 0 0]
[0 1 1 0 0 0 0|1 0 1 1 1 0 1]
[0 0 0 1 1 0 0|0 1 1 0 1 1 1]
[1 1 0 1 0 1 0|0 0 0 1 1 1 1]
[1 0 1 0 1 1 0|0 0 1 0 1 0 1]
==========
[0 0 0 0 0 0 0|0 0 0 0 0 0 0]
[0 0 0 0 0 0 0|0 0 0 0 0 0 0]
[0 0 0 0 0 0 0|0 0 0 0 0 0 0]
[0 0 0 0 0 0 0|0 0 0 0 0 0 0]
[0 0 0 0 0 0 0|0 0 0 0 0 0 0]
[0 0 0 0 0 0 0|0 0 0 0 0 0 0]
[0 0 0 0 0 0 0|0 0 0 0 0 0 0]
[0 0 0 0 0 0 0|1 0 0 0 0 0 0]
[0 0 0 0 0 0 0|0 1 0 0 0 0 0]
[0 0 0 0 0 0 0|0 0 1 0 0 0 0]
[0 1 1 0 0 0 0|1 0 1 1 1 0 1]
[0 0 0 1 1 0 0|0 1 1 0 1 1 1]
[1 1 0 1 0 1 0|0 0 0 1 1 1 1]
[1 0 1 0 1 1 0|0 0 1 0 1 0 1]
-------
[0 0 0 0 0 0 0|0 0 0 0 0 0 0]
[0 0 0 0 0 0 0|0 0 0 0 0 0 0]
[0 0 0 0 0 0 0|0 0 0 0 0 0 0]
[0 0 0 0 0 0 0|0 0 0 0 0 0 0]
[0 0 0 0 0 0 0|0 0 0 0 0 0 0]
[0 0 0 0 0 0 0|0 0 0 0 0 0 0]
[0 0 0 0 0 0 0|0 0 0 0 0 0 0]
[0 0 0 0 0 0 0|1 0 0 0 0 0 0]
[0 0 0 0 0 0 0|0 1 0 0 0 0 0]
[0 0 0 0 0 0 0|0 0 1 0 0 0 0]
[0 1 1 1 0 0 0|1 0 1 1 1 0 1]
[0 0 0 0 1 0 0|0 1 1 0 1 1 1]
[1 1 0 0 0 1 0|0 0 0 1 1 1 1]
[1 0 1 1 1 1 0|0 0 1 0 1 0 1]
==========
[0 0 0 0 0 0 0|0 0 0 0 0 0 0]
[0 0 0 0 0 0 0|0 0 0 0 0 0 0]
[0 0 0 0 0 0 0|0 0 0 0 0 0 0]
[0 0 0 0 0 0 0|0 0 0 0 0 0 0]
[0 0 0 0 0 0 0|0 0 0 0 0 0 0]
[0 0 0 0 0 0 0|0 0 0 0 0 0 0]
[0 0 0 0 0 0 0|0 0 0 0 0 0 0]
[0 0 0 0 0 0 0|1 0 0 0 0 0 0]
[0 0 0 0 0 0 0|0 1 0 0 0 0 0]
[0 0 0 0 0 0 0|0 0 1 0 0 0 0]
[0 1 1 1 0 0 0|1 0 1 1 1 0 1]
[0 0 0 0 1 0 0|0 1 1 0 1 1 1]
[1 1 0 0 0 1 0|0 0 0 1 1 1 1]
[1 0 1 1 1 1 0|0 0 1 0 1 0 1]
-------
[0 0 0 0 0 0 0|0 0 0 0 0 0 0]
[0 0 0 0 0 0 0|0 0 0 0 0 0 0]
[0 0 0 0 0 0 0|0 0 0 0 0 0 0]
[0 0 0 0 0 0 0|0 0 0 0 0 0 0]
[0 0 0 0 0 0 0|0 0 0 0 0 0 0]
[0 0 0 0 0 0 0|0 0 0 0 0 0 0]
[0 0 0 0 0 0 0|0 0 0 0 0 0 0]
[0 0 0 0 0 0 0|1 0 0 0 0 0 0]
[0 0 0 0 0 0 0|0 1 0 0 0 0 0]
[0 0 0 0 0 0 0|0 0 1 0 0 0 0]
[0 1 1 1 1 0 0|1 0 1 1 1 0 1]
[0 0 0 0 0 0 0|0 1 1 0 1 1 1]
[1 1 0 0 1 1 0|0 0 0 1 1 1 1]
[1 0 1 1 0 1 0|0 0 1 0 1 0 1]
==========
[0 0 0 0 0 0 0|0 0 0 0 0 0 0]
[0 0 0 0 0 0 0|0 0 0 0 0 0 0]
[0 0 0 0 0 0 0|0 0 0 0 0 0 0]
[0 0 0 0 0 0 0|0 0 0 0 0 0 0]
[0 0 0 0 0 0 0|0 0 0 0 0 0 0]
[0 0 0 0 0 0 0|0 0 0 0 0 0 0]
[0 0 0 0 0 0 0|0 0 0 0 0 0 0]
[0 0 0 0 0 0 0|1 0 0 0 0 0 0]
[0 0 0 0 0 0 0|0 1 0 0 0 0 0]
[0 0 0 0 0 0 0|0 0 1 0 0 0 0]
[0 1 1 1 1 0 0|1 0 1 1 1 0 1]
[0 0 0 0 0 0 0|0 1 1 0 1 1 1]
[1 1 0 0 1 1 0|0 0 0 1 1 1 1]
[1 0 1 1 0 1 0|0 0 1 0 1 0 1]
-------
[0 0 0 0 0 0 0|0 0 0 0 0 0 0]
[0 0 0 0 0 0 0|0 0 0 0 0 0 0]
[0 0 0 0 0 0 0|0 0 0 0 0 0 0]
[0 0 0 0 0 0 0|0 0 0 0 0 0 0]
[0 0 0 0 0 0 0|0 0 0 0 0 0 0]
[0 0 0 0 0 0 0|0 0 0 0 0 0 0]
[0 0 0 0 0 0 0|0 0 0 0 0 0 0]
[0 0 0 0 0 0 0|1 0 0 0 0 0 0]
[0 0 0 0 0 0 0|0 1 0 0 0 0 0]
[0 0 0 0 0 0 0|0 0 1 0 0 0 0]
[0 1 1 1 1 0 0|1 0 1 1 1 0 1]
[1 0 0 0 0 0 0|0 1 1 0 1 1 1]
[0 1 0 0 1 1 0|0 0 0 1 1 1 1]
[1 0 1 1 0 1 0|0 0 1 0 1 0 1]
==========
[0 0 0 0 0 0 0|0 0 0 0 0 0 0]
[0 0 0 0 0 0 0|0 0 0 0 0 0 0]
[0 0 0 0 0 0 0|0 0 0 0 0 0 0]
[0 0 0 0 0 0 0|0 0 0 0 0 0 0]
[0 0 0 0 0 0 0|0 0 0 0 0 0 0]
[0 0 0 0 0 0 0|0 0 0 0 0 0 0]
[0 0 0 0 0 0 0|0 0 0 0 0 0 0]
[0 0 0 0 0 0 0|1 0 0 0 0 0 0]
[0 0 0 0 0 0 0|0 1 0 0 0 0 0]
[0 0 0 0 0 0 0|0 0 1 0 0 0 0]
[0 1 1 1 1 0 0|1 0 1 1 1 0 1]
[1 0 0 0 0 0 0|0 1 1 0 1 1 1]
[0 1 0 0 1 1 0|0 0 0 1 1 1 1]
[1 0 1 1 0 1 0|0 0 1 0 1 0 1]
-------
[0 0 0 0 0 0 0|0 0 0 0 0 0 0]
[0 0 0 0 0 0 0|0 0 0 0 0 0 0]
[0 0 0 0 0 0 0|0 0 0 0 0 0 0]
[0 0 0 0 0 0 0|0 0 0 0 0 0 0]
[0 0 0 0 0 0 0|0 0 0 0 0 0 0]
[0 0 0 0 0 0 0|0 0 0 0 0 0 0]
[0 0 0 0 0 0 0|0 0 0 0 0 0 0]
[0 0 0 0 0 0 0|1 0 0 0 0 0 0]
[0 0 0 0 0 0 0|0 1 0 0 0 0 0]
[0 0 0 0 0 0 0|0 0 1 0 0 0 0]
[0 1 1 1 1 0 0|1 0 1 1 1 0 1]
[1 1 0 0 0 0 0|0 1 1 0 1 1 1]
[0 0 0 0 1 1 0|0 0 0 1 1 1 1]
[1 0 1 1 0 1 0|0 0 1 0 1 0 1]
==========
[0 0 0 0 0 0 0|0 0 0 0 0 0 0]
[0 0 0 0 0 0 0|0 0 0 0 0 0 0]
[0 0 0 0 0 0 0|0 0 0 0 0 0 0]
[0 0 0 0 0 0 0|0 0 0 0 0 0 0]
[0 0 0 0 0 0 0|0 0 0 0 0 0 0]
[0 0 0 0 0 0 0|0 0 0 0 0 0 0]
[0 0 0 0 0 0 0|0 0 0 0 0 0 0]
[0 0 0 0 0 0 0|1 0 0 0 0 0 0]
[0 0 0 0 0 0 0|0 1 0 0 0 0 0]
[0 0 0 0 0 0 0|0 0 1 0 0 0 0]
[0 1 1 1 1 0 0|1 0 1 1 1 0 1]
[1 1 0 0 0 0 0|0 1 1 0 1 1 1]
[0 0 0 0 1 1 0|0 0 0 1 1 1 1]
[1 0 1 1 0 1 0|0 0 1 0 1 0 1]
-------
[0 0 0 0 0 0 0|0 0 0 0 0 0 0]
[0 0 0 0 0 0 0|0 0 0 0 0 0 0]
[0 0 0 0 0 0 0|0 0 0 0 0 0 0]
[0 0 0 0 0 0 0|0 0 0 0 0 0 0]
[0 0 0 0 0 0 0|0 0 0 0 0 0 0]
[0 0 0 0 0 0 0|0 0 0 0 0 0 0]
[0 0 0 0 0 0 0|0 0 0 0 0 0 0]
[0 0 0 0 0 0 0|1 0 0 0 0 0 0]
[0 0 0 0 0 0 0|0 1 0 0 0 0 0]
[0 0 0 0 0 0 0|0 0 1 0 0 0 0]
[0 1 1 1 1 0 0|1 0 1 1 1 0 1]
[1 1 0 0 1 0 0|0 1 1 0 1 1 1]
[0 0 0 0 0 1 0|0 0 0 1 1 1 1]
[1 0 1 1 0 1 0|0 0 1 0 1 0 1]
==========
[0 0 0 0 0 0 0|0 0 0 0 0 0 0]
[0 0 0 0 0 0 0|0 0 0 0 0 0 0]
[0 0 0 0 0 0 0|0 0 0 0 0 0 0]
[0 0 0 0 0 0 0|0 0 0 0 0 0 0]
[0 0 0 0 0 0 0|0 0 0 0 0 0 0]
[0 0 0 0 0 0 0|0 0 0 0 0 0 0]
[0 0 0 0 0 0 0|0 0 0 0 0 0 0]
[0 0 0 0 0 0 0|1 0 0 0 0 0 0]
[0 0 0 0 0 0 0|0 1 0 0 0 0 0]
[0 0 0 0 0 0 0|0 0 1 0 0 0 0]
[0 1 1 1 1 0 0|1 0 1 1 1 0 1]
[1 1 0 0 1 0 0|0 1 1 0 1 1 1]
[0 0 0 0 0 1 0|0 0 0 1 1 1 1]
[1 0 1 1 0 1 0|0 0 1 0 1 0 1]
-------
[0 0 0 0 0 0 0|0 0 0 0 0 0 0]
[0 0 0 0 0 0 0|0 0 0 0 0 0 0]
[0 0 0 0 0 0 0|0 0 0 0 0 0 0]
[0 0 0 0 0 0 0|0 0 0 0 0 0 0]
[0 0 0 0 0 0 0|0 0 0 0 0 0 0]
[0 0 0 0 0 0 0|0 0 0 0 0 0 0]
[0 0 0 0 0 0 0|0 0 0 0 0 0 0]
[0 0 0 0 0 0 0|1 0 0 0 0 0 0]
[0 0 0 0 0 0 0|0 1 0 0 0 0 0]
[0 0 0 0 0 0 0|0 0 1 0 0 0 0]
[0 1 1 1 1 0 0|1 0 1 1 1 0 1]
[1 1 0 0 1 1 0|0 1 1 0 1 1 1]
[0 0 0 0 0 0 0|0 0 0 1 1 1 1]
[1 0 1 1 0 1 0|0 0 1 0 1 0 1]
==========
[0 0 0 0 0 0 0|0 0 0 0 0 0 0]
[0 0 0 0 0 0 0|0 0 0 0 0 0 0]
[0 0 0 0 0 0 0|0 0 0 0 0 0 0]
[0 0 0 0 0 0 0|0 0 0 0 0 0 0]
[0 0 0 0 0 0 0|0 0 0 0 0 0 0]
[0 0 0 0 0 0 0|0 0 0 0 0 0 0]
[0 0 0 0 0 0 0|0 0 0 0 0 0 0]
[0 0 0 0 0 0 0|1 0 0 0 0 0 0]
[0 0 0 0 0 0 0|0 1 0 0 0 0 0]
[0 0 0 0 0 0 0|0 0 1 0 0 0 0]
[0 1 1 1 1 0 0|1 0 1 1 1 0 1]
[1 1 0 0 1 1 0|0 1 1 0 1 1 1]
[0 0 0 0 0 0 0|0 0 0 1 1 1 1]
[1 0 1 1 0 1 0|0 0 1 0 1 0 1]
-------
[0 0 0 0 0 0 0|0 0 0 0 0 0 0]
[0 0 0 0 0 0 0|0 0 0 0 0 0 0]
[0 0 0 0 0 0 0|0 0 0 0 0 0 0]
[0 0 0 0 0 0 0|0 0 0 0 0 0 0]
[0 0 0 0 0 0 0|0 0 0 0 0 0 0]
[0 0 0 0 0 0 0|0 0 0 0 0 0 0]
[0 0 0 0 0 0 0|0 0 0 0 0 0 0]
[0 0 0 0 0 0 0|1 0 0 0 0 0 0]
[0 0 0 0 0 0 0|0 1 0 0 0 0 0]
[0 0 0 0 0 0 0|0 0 1 0 0 0 0]
[1 1 1 1 1 0 0|1 0 1 1 1 0 1]
[0 1 0 0 1 1 0|0 1 1 0 1 1 1]
[1 0 0 0 0 0 0|0 0 0 1 1 1 1]
[0 0 1 1 0 1 0|0 0 1 0 1 0 1]
==========
[0 0 0 0 0 0 0|0 0 0 0 0 0 0]
[0 0 0 0 0 0 0|0 0 0 0 0 0 0]
[0 0 0 0 0 0 0|0 0 0 0 0 0 0]
[0 0 0 0 0 0 0|0 0 0 0 0 0 0]
[0 0 0 0 0 0 0|0 0 0 0 0 0 0]
[0 0 0 0 0 0 0|0 0 0 0 0 0 0]
[0 0 0 0 0 0 0|0 0 0 0 0 0 0]
[0 0 0 0 0 0 0|1 0 0 0 0 0 0]
[0 0 0 0 0 0 0|0 1 0 0 0 0 0]
[0 0 0 0 0 0 0|0 0 1 0 0 0 0]
[1 1 1 1 1 0 0|1 0 1 1 1 0 1]
[0 1 0 0 1 1 0|0 1 1 0 1 1 1]
[1 0 0 0 0 0 0|0 0 0 1 1 1 1]
[0 0 1 1 0 1 0|0 0 1 0 1 0 1]
-------
[0 0 0 0 0 0 0|0 0 0 0 0 0 0]
[0 0 0 0 0 0 0|0 0 0 0 0 0 0]
[0 0 0 0 0 0 0|0 0 0 0 0 0 0]
[0 0 0 0 0 0 0|0 0 0 0 0 0 0]
[0 0 0 0 0 0 0|0 0 0 0 0 0 0]
[0 0 0 0 0 0 0|0 0 0 0 0 0 0]
[0 0 0 0 0 0 0|0 0 0 0 0 0 0]
[0 0 0 0 0 0 0|1 0 0 0 0 0 0]
[0 0 0 0 0 0 0|0 1 0 0 0 0 0]
[0 0 0 0 0 0 0|0 0 1 0 0 0 0]
[1 1 0 1 1 0 0|1 0 1 1 1 0 1]
[0 1 1 0 1 1 0|0 1 1 0 1 1 1]
[1 0 1 0 0 0 0|0 0 0 1 1 1 1]
[0 0 0 1 0 1 0|0 0 1 0 1 0 1]
==========
[0 0 0 0 0 0 0|0 0 0 0 0 0 0]
[0 0 0 0 0 0 0|0 0 0 0 0 0 0]
[0 0 0 0 0 0 0|0 0 0 0 0 0 0]
[0 0 0 0 0 0 0|0 0 0 0 0 0 0]
[0 0 0 0 0 0 0|0 0 0 0 0 0 0]
[0 0 0 0 0 0 0|0 0 0 0 0 0 0]
[0 0 0 0 0 0 0|0 0 0 0 0 0 0]
[0 0 0 0 0 0 0|1 0 0 0 0 0 0]
[0 0 0 0 0 0 0|0 1 0 0 0 0 0]
[0 0 0 0 0 0 0|0 0 1 0 0 0 0]
[1 1 0 1 1 0 0|1 0 1 1 1 0 1]
[0 1 1 0 1 1 0|0 1 1 0 1 1 1]
[1 0 1 0 0 0 0|0 0 0 1 1 1 1]
[0 0 0 1 0 1 0|0 0 1 0 1 0 1]
-------
[0 0 0 0 0 0 0|0 0 0 0 0 0 0]
[0 0 0 0 0 0 0|0 0 0 0 0 0 0]
[0 0 0 0 0 0 0|0 0 0 0 0 0 0]
[0 0 0 0 0 0 0|0 0 0 0 0 0 0]
[0 0 0 0 0 0 0|0 0 0 0 0 0 0]
[0 0 0 0 0 0 0|0 0 0 0 0 0 0]
[0 0 0 0 0 0 0|0 0 0 0 0 0 0]
[0 0 0 0 0 0 0|1 0 0 0 0 0 0]
[0 0 0 0 0 0 0|0 1 0 0 0 0 0]
[0 0 0 0 0 0 0|0 0 1 0 0 0 0]
[1 1 0 0 1 0 0|1 0 1 1 1 0 1]
[0 1 1 1 1 1 0|0 1 1 0 1 1 1]
[1 0 1 1 0 0 0|0 0 0 1 1 1 1]
[0 0 0 0 0 1 0|0 0 1 0 1 0 1]
==========
[0 0 0 0 0 0 0|0 0 0 0 0 0 0]
[0 0 0 0 0 0 0|0 0 0 0 0 0 0]
[0 0 0 0 0 0 0|0 0 0 0 0 0 0]
[0 0 0 0 0 0 0|0 0 0 0 0 0 0]
[0 0 0 0 0 0 0|0 0 0 0 0 0 0]
[0 0 0 0 0 0 0|0 0 0 0 0 0 0]
[0 0 0 0 0 0 0|0 0 0 0 0 0 0]
[0 0 0 0 0 0 0|1 0 0 0 0 0 0]
[0 0 0 0 0 0 0|0 1 0 0 0 0 0]
[0 0 0 0 0 0 0|0 0 1 0 0 0 0]
[1 1 0 0 1 0 0|1 0 1 1 1 0 1]
[0 1 1 1 1 1 0|0 1 1 0 1 1 1]
[1 0 1 1 0 0 0|0 0 0 1 1 1 1]
[0 0 0 0 0 1 0|0 0 1 0 1 0 1]
-------
[0 0 0 0 0 0 0|0 0 0 0 0 0 0]
[0 0 0 0 0 0 0|0 0 0 0 0 0 0]
[0 0 0 0 0 0 0|0 0 0 0 0 0 0]
[0 0 0 0 0 0 0|0 0 0 0 0 0 0]
[0 0 0 0 0 0 0|0 0 0 0 0 0 0]
[0 0 0 0 0 0 0|0 0 0 0 0 0 0]
[0 0 0 0 0 0 0|0 0 0 0 0 0 0]
[0 0 0 0 0 0 0|1 0 0 0 0 0 0]
[0 0 0 0 0 0 0|0 1 0 0 0 0 0]
[0 0 0 0 0 0 0|0 0 1 0 0 0 0]
[1 1 0 0 1 1 0|1 0 1 1 1 0 1]
[0 1 1 1 1 0 0|0 1 1 0 1 1 1]
[1 0 1 1 0 1 0|0 0 0 1 1 1 1]
[0 0 0 0 0 0 0|0 0 1 0 1 0 1]
==========
[0 0 0 0 0 0 0|0 0 0 0 0 0 0]
[0 0 0 0 0 0 0|0 0 0 0 0 0 0]
[0 0 0 0 0 0 0|0 0 0 0 0 0 0]
[0 0 0 0 0 0 0|0 0 0 0 0 0 0]
[0 0 0 0 0 0 0|0 0 0 0 0 0 0]
[0 0 0 0 0 0 0|0 0 0 0 0 0 0]
[0 0 0 0 0 0 0|0 0 0 0 0 0 0]
[0 0 0 0 0 0 0|1 0 0 0 0 0 0]
[0 0 0 0 0 0 0|0 1 0 0 0 0 0]
[0 0 0 0 0 0 0|0 0 1 0 0 0 0]
[1 1 0 0 1 1 0|1 0 1 1 1 0 1]
[0 1 1 1 1 0 0|0 1 1 0 1 1 1]
[1 0 1 1 0 1 0|0 0 0 1 1 1 1]
[0 0 0 0 0 0 0|0 0 1 0 1 0 1]
