 Decoder Bias Test [#-------------------] 0 Percent Complete0.993020965034979
[00000000000000]
0.000000110556666
[00000100000001]
0.000000110556666
[00100000100000]
0.000000000036889
[00000011000100]
0.000000000036889
[00001000101000]
0.000000000036889
[00010000000101]
0.000000000036889
[00010100000100]
0.000000000036889
[00101000001000]
0.000000000036889
[10000000100010]
0.000000000036889
[10100000000010]
0.000000000036889
[11000000000100]
0.000000000036889
[00010011000001]
0.000000000000012
[00010111000000]
0.000000000000012
[00100100100001]
0.000000000036889
[01000000100110]
0.000000000000012
[01100000000110]
0.000000000000012
[10001000001010]
0.000000000036889
[11000011000000]
0.000000000000012
[11010000000001]
0.000000000000012
[11010100000000]
0.000000000000012
[00000111000101]
0.000000000000012
[00001010010011]
0.000000000000000
[00001100101001]
0.000000000000012
[00001110010010]
0.000000000000000
[00011001010010]
0.000000000000000
[00100011100100]
0.000000000000000
[00101100001001]
0.000000000000000
[00110000100101]
0.000000000000000
[00110100100100]
0.000000000000000
[01000001011001]
0.000000000000012
[01000011100010]
0.000000000000000
[01000101011000]
0.000000000000012
[01001000001110]
0.000000000000012
[01010000100011]
0.000000000000012
[01010010011000]
0.000000000036889
[01010100100010]
0.000000000000000
[01100011000010]
0.000000000000000
[01110000000011]
0.000000000000012
[01110100000010]
0.000000000000012
[10000010011001]
0.000000000000012
[10000100100011]
0.000000000000000
[10000110011000]
0.000000000036889
[10010001011000]
0.000000000000012
[10100100000011]
0.000000000000000
[11000100000101]
0.000000000000012
[11100000100100]
0.000000000000000
[00000010111011]
0.000000000000000
[00000110111010]
0.000000000000000
[00001001010111]
0.000000000000000
[00001011101100]
0.000000000000012
[00001101010110]
0.000000000000000
[00010001111010]
0.000000000000012
[00011000101101]
0.000000000000000
[00011010010110]
0.000000000000012
[00011100101100]
0.000000000000012
[00100010011011]
0.000000000000012
[00100110011010]
0.000000000000000
[00101011001100]
0.000000000000012
[00110001011010]
0.000000000000000
[00110011100001]
0.000000000000000
[00110111100000]
0.000000000000012
[00111000001101]
0.000000000000012
[00111100001100]
0.000000000000000
[01000010011101]
0.000000000000012
[01000100100111]
0.000000000000000
[01000110011100]
0.000000000000000
[01001001110001]
0.000000000000000
[01001011001010]
0.000000000000000
[01001101110000]
0.000000000000000
[01010001011100]
0.000000000000000
[01011000001011]
0.000000000000000
[01011010110000]
0.000000000000012
[01011100001010]
0.000000000000000
[01100100000111]
0.000000000000000
[01101001010001]
0.000000000000000
[01101101010000]
0.000000000000000
[01111010010000]
0.000000000000000
[10000001011101]
0.000000000000000
[10000011100110]
0.000000000000000
[10000101011100]
0.000000000000000
[10001010110001]
0.000000000000000
[10001100001011]
0.000000000000000
[10001110110000]
0.000000000000000
[10010000100111]
0.000000000000000
[10010010011100]
0.000000000000000
[10010100100110]
0.000000000000000
[10011001110000]
0.000000000000000
[10100011000110]
0.000000000000000
[10101000101010]
0.000000000000012
[10101010010001]
0.000000000000000
[10101110010000]
0.000000000000000
[10110000000111]
0.000000000000000
[10110100000110]
0.000000000000012
[10111001010000]
0.000000000000012
[11000111000001]
0.000000000000012
[11001000101100]
0.000000000000012
[11100011100000]
0.000000000000000
[11101000001100]
0.000000000000000
[11110000100001]
0.000000000000000
[11110100100000]
0.000000000000000
[00000001111111]
0.000000000000000
[00000101111110]
0.000000000000000
[00010010111110]
0.000000000000000
[00011011101001]
0.000000000000000
[00011101010011]
0.000000000000000
[00011111101000]
0.000000000000000
[00100001011111]
0.000000000000000
[00100101011110]
0.000000000000000
[00100111100101]
0.000000000000000
[00101010110011]
0.000000000000000
[00101110110010]
0.000000000000000
[00110010011110]
0.000000000000000
[00111001110010]
0.000000000000000
[00111011001001]
0.000000000000000
[00111111001000]
0.000000000000012
[01000111100011]
0.000000000000012
[01001010110101]
0.000000000000000
[01001100001111]
0.000000000000000
[01001110110100]
0.000000000000000
[01010110011001]
0.000000000000000
[01011001110100]
0.000000000000000
[01100001111001]
0.000000000000000
[01100101111000]
0.000000000000000
[01100111000011]
0.000000000000000
[01101000101110]
0.000000000000012
[01101010010101]
0.000000000000000
[01101110010100]
0.000000000000012
[01110010111000]
0.000000000000000
[01111001010100]
0.000000000000000
[10001001110101]
0.000000000000000
[10001011001110]
0.000000000000000
[10001101110100]
0.000000000000000
[10010011100011]
0.000000000000000
[10010101011001]
0.000000000000000
[10010111100010]
0.000000000000000
[10011000001111]
0.000000000000000
[10011010110100]
0.000000000000012
[10011100001110]
0.000000000000000
[10100010111001]
0.000000000000000
[10100110111000]
0.000000000000012
[10101001010101]
0.000000000000012
[10101101010100]
0.000000000000012
[10110001111000]
0.000000000000000
[10110011000011]
0.000000000000000
[10110111000010]
0.000000000000000
[10111010010100]
0.000000000000000
[11001001010011]
0.000000000000000
[11001011101000]
0.000000000000000
[11001101010010]
0.000000000000000
[11010011000101]
0.000000000000000
[11010111000100]
0.000000000000000
[11011000101001]
0.000000000000000
[11011010010010]
0.000000000000000
[11011100101000]
0.000000000000000
[11100100100101]
0.000000000000000
[11101011001000]
0.000000000000000
[11111000001001]
0.000000000000000
[11111100001000]
0.000000000000000
[00001111101101]
0.000000000000000
[00010101111011]
0.000000000000000
[00011110010111]
0.000000000000000
[00101001110111]
0.000000000000000
[00101101110110]
0.000000000000000
[00101111001101]
0.000000000000000
[00110101011011]
0.000000000000000
[00111010110110]
0.000000000000000
[01001111001011]
0.000000000000000
[01010011100111]
0.000000000000000
[01010101011101]
0.000000000000000
[01010111100110]
0.000000000000000
[01011110110001]
0.000000000000000
[01100010111101]
0.000000000000000
[01100110111100]
0.000000000000000
[01101011101010]
0.000000000000000
[01110001111100]
0.000000000000000
[01110011000111]
0.000000000000000
[01110111000110]
0.000000000000000
[01111000101011]
0.000000000000000
[01111100101010]
0.000000000000000
[01111110010001]
0.000000000000000
[10000111100111]
0.000000000000000
[10010110011101]
0.000000000000000
[10011011001011]
0.000000000000000
[10011101110001]
0.000000000000000
[10011111001010]
0.000000000000000
[10100001111101]
0.000000000000000
[10100101111100]
0.000000000000000
[10100111000111]
0.000000000000000
[10101100101011]
0.000000000000000
[10110010111100]
0.000000000000000
[10111101010001]
0.000000000000000
[11000001111011]
0.000000000000000
[11000101111010]
0.000000000000000
[11001010010111]
0.000000000000000
[11001100101101]
0.000000000000000
[11001110010110]
0.000000000000000
[11010010111010]
0.000000000000000
[11011001010110]
0.000000000000000
[11100001011011]
0.000000000000000
[11100101011010]
0.000000000000000
[11100111100001]
0.000000000000000
[11101100001101]
0.000000000000000
[11110010011010]
0.000000000000000
[00010110111111]
0.000000000000000
[00110110011111]
0.000000000000000
[00111101110011]
0.000000000000000
[01011011001111]
0.000000000000000
[01011101110101]
0.000000000000000
[01011111001110]
0.000000000000000
[01101100101111]
0.000000000000000
[01110110111001]
0.000000000000000
[01111101010101]
0.000000000000000
[10001111001111]
0.000000000000000
[10011110110101]
0.000000000000000
[10101011101110]
0.000000000000000
[10110101111001]
0.000000000000000
[10111000101111]
0.000000000000000
[10111100101110]
0.000000000000000
[10111110010101]
0.000000000000000
[11000010111111]
0.000000000000000
[11000110111110]
0.000000000000000
[11001111101001]
0.000000000000000
[11010001111110]
0.000000000000000
[11011110010011]
0.000000000000000
[11100010011111]
0.000000000000000
[11100110011110]
0.000000000000000
[11101001110011]
0.000000000000000
[11101101110010]
0.000000000000000
[11101111001001]
0.000000000000000
[11110001011110]
0.000000000000000
[11110011100101]
0.000000000000000
[11110111100100]
0.000000000000000
[11111010110010]
0.000000000000000
[00111110110111]
0.000000000000000
[01101111101011]
0.000000000000000
[01110101111101]
0.000000000000000
[10110110111101]
0.000000000000000
[10111011101011]
0.000000000000000
[10111111101010]
0.000000000000000
[11010110111011]
0.000000000000000
[11011011101101]
0.000000000000000
[11011101010111]
0.000000000000000
[11011111101100]
0.000000000000000
[11101010110111]
0.000000000000000
[11101110110110]
0.000000000000000
[11110110011011]
0.000000000000000
[11111001110110]
0.000000000000000
[11111011001101]
0.000000000000000
[11111111001100]
0.000000000000000
[01111011101111]
0.000000000000000
[01111111101110]
0.000000000000000
[10101111101111]
0.000000000000000
[11010101111111]
0.000000000000000
[11110101011111]
0.000000000000000
[11111110110011]
0.000000000000000
[11111101110111]

0.993020965072 0.000000000185 0.000000000185 0.000000221187 0
0.000000110631 0.000000000295 0.000000000148 0.000000110704 3
0.000000110667 0.000331338474 0.000000000185 0.000000221261 1
0.000000110704 0.000000000148 0.000000000221 0.000000110704 0
0.000000110667 0.000000110704 0.000000000185 0.000000110741 3
0.000000110704 0.000000000148 0.000331338437 0.000000110631 2
0.000000110668 0.000331338401 0.000000221224 0.000000000074 1
0.000000110631 0.000000110741 0.000000000148 0.000000221224 3
0.000000221187 0.000000110704 0.000000110778 0.000000110667 0
0.000000000111 0.000000331707 0.000000000148 0.000000110631 1
0.000000000074 0.000331338474 0.000331338474 0.000000110668 1
0.000000110704 0.000000110594 0.000331338364 0.000000000111 2
0.000000110631 0.000000000148 0.000000000148 0.000331448994 3
0.000000000221 0.000000000185 0.000000221224 0.000000110667 2
0.000000110704 0.000000000148 0.000000331707 0.000000000185 2
0.000000110667 0.000000110704 0.000000000185 0.000000110741 3
0.000000110631 0.000000221187 0.000000000148 0.000000000185 1
0.000000110741 0.000000221150 0.000331338474 0.000000110594 2
0.000000110631 0.000000110667 0.000000110741 0.000000000111 2
0.000000000074 0.000331338474 0.000331338401 0.000000221187 1
0.000000331707 0.000000000185 0.000000110704 0.000000000148 0
0.000000221150 0.000000000221 0.000000000148 0.000000110778 0
0.000000110667 0.000331338474 0.000000000111 0.000000110668 1
0.000000110778 0.000000110667 0.000000000221 0.000000110631 0
0.000000110631 0.000000000221 0.000000000074 0.000331338474 3
0.000000331707 0.000000000111 0.000000110704 0.000000221187 0
0.000000110704 0.000000000074 0.000000221187 0.000000000258 2
0.000000110667 0.000000000185 0.000000110704 0.000331338438 3
0.000000110704 0.000000000148 0.000000110741 0.000000110704 2
0.000000000148 0.000000221224 0.000000110631 0.000000110741 1
0.000000110631 0.000000110741 0.000000110667 0.000000000258 1
0.000000000295 0.000000110704 0.000000110778 0.000000000074 2
0.000000000111 0.000000110741 0.000000000148 0.000000110704 1
0.000000221187 0.000000110631 0.000331338401 0.000000221187 2
0.000000221224 0.000000000148 0.000000000221 0.000000000111 0
0.000000000148 0.000331338474 0.000000221224 0.000000110668 1
0.000000110668 0.000000221150 0.000000221224 0.000000000148 2
0.000000110631 0.000000110668 0.000000000148 0.000331338474 3
0.000000000148 0.000000110704 0.000000110704 0.000000110741 3
0.000000000185 0.000000000148 0.000331448957 0.000000110631 2
0.000000110594 0.000000000258 0.000000110631 0.000000110668 3
0.000000331818 0.000000000148 0.000000000221 0.000000110704 0
0.000000110741 0.000000000185 0.000000000185 0.000000000148 0
0.000000221150 0.000331448957 0.000000000148 0.000000110704 1
0.000000221261 0.000000000111 0.000000110704 0.000000000148 0
0.000000221150 0.000000110741 0.000000000148 0.000000110778 0
0.000000000148 0.000000110704 0.000000000185 0.000331338511 3
0.000000110704 0.000000110667 0.000000221187 0.000000000111 2
0.000000221224 0.000000000148 0.000000110741 0.000331338401 3
0.000000000074 0.000000000185 0.000000110631 0.000000110815 3
0.000000110704 0.000000110741 0.000000110667 0.000000221224 3
0.000000000221 0.000000000111 0.000000221224 0.000000000148 2
0.000000110631 0.000000110741 0.000000000148 0.000000110704 1
0.000000221187 0.000000110557 0.000000110704 0.000000000221 0
0.000000221224 0.000000110667 0.000000221187 0.000000000185 0
0.000000000221 0.000000000258 0.000000000185 0.000331338437 3
0.000000110741 0.000000000185 0.000000221298 0.000000110667 2
0.000000000185 0.000000110668 0.000000000148 0.000000000258 1
0.000000000148 0.000000221298 0.000000110704 0.000000110741 1
0.000000110704 0.000000110667 0.000000110668 0.000000000111 0
0.000000110704 0.000000221187 0.000000000148 0.000000000258 1
0.000000221261 0.000000221150 0.000000221150 0.000000000074 0
0.000000110704 0.000000000221 0.000000000295 0.000000000185 0
0.000000000148 0.000000221298 0.000000000185 0.000000000221 1
P_correct = 0.999325

 Decoder Bias Test [####################] 100 Percent Complete0.993020965034979
[00000000000000]
0.000000124376249
[00000100000001]
0.000000124376249
[00100000100000]
0.000000000031125
[00000011000100]
0.000000000031125
[00001000101000]
0.000000000031125
[00010000000101]
0.000000000062250
[00010100000100]
0.000000000062250
[00101000001000]
0.000000000031125
[10000000100010]
0.000000000062250
[10100000000010]
0.000000000062250
[11000000000100]
0.000000000031125
[00010011000001]
0.000000000000031
[00010111000000]
0.000000000000016
[00100100100001]
0.000000000015563
[01000000100110]
0.000000000000016
[01100000000110]
0.000000000000016
[10001000001010]
0.000000000062250
[11000011000000]
0.000000000000031
[11010000000001]
0.000000000000062
[11010100000000]
0.000000000000008
[00000111000101]
0.000000000000008
[00001010010011]
0.000000000000000
[00001100101001]
0.000000000000016
[00001110010010]
0.000000000000000
[00011001010010]
0.000000000000000
[00100011100100]
0.000000000000000
[00101100001001]
0.000000000000000
[00110000100101]
0.000000000000000
[00110100100100]
0.000000000000000
[01000001011001]
0.000000000000008
[01000011100010]
0.000000000000000
[01000101011000]
0.000000000000008
[01001000001110]
0.000000000000008
[01010000100011]
0.000000000000016
[01010010011000]
0.000000000031125
[01010100100010]
0.000000000000000
[01100011000010]
0.000000000000000
[01110000000011]
0.000000000000031
[01110100000010]
0.000000000000008
[10000010011001]
0.000000000000008
[10000100100011]
0.000000000000000
[10000110011000]
0.000000000015563
[10010001011000]
0.000000000000016
[10100100000011]
0.000000000000000
[11000100000101]
0.000000000000016
[11100000100100]
0.000000000000000
[00000010111011]
0.000000000000000
[00000110111010]
0.000000000000000
[00001001010111]
0.000000000000000
[00001011101100]
0.000000000000004
[00001101010110]
0.000000000000000
[00010001111010]
0.000000000000004
[00011000101101]
0.000000000000000
[00011010010110]
0.000000000000008
[00011100101100]
0.000000000000004
[00100010011011]
0.000000000000008
[00100110011010]
0.000000000000000
[00101011001100]
0.000000000000004
[00110001011010]
0.000000000000000
[00110011100001]
0.000000000000000
[00110111100000]
0.000000000000008
[00111000001101]
0.000000000000016
[00111100001100]
0.000000000000000
[01000010011101]
0.000000000000004
[01000100100111]
0.000000000000000
[01000110011100]
0.000000000000000
[01001001110001]
0.000000000000000
[01001011001010]
0.000000000000000
[01001101110000]
0.000000000000000
[01010001011100]
0.000000000000000
[01011000001011]
0.000000000000000
[01011010110000]
0.000000000000016
[01011100001010]
0.000000000000000
[01100100000111]
0.000000000000000
[01101001010001]
0.000000000000000
[01101101010000]
0.000000000000000
[01111010010000]
0.000000000000000
[10000001011101]
0.000000000000000
[10000011100110]
0.000000000000000
[10000101011100]
0.000000000000000
[10001010110001]
0.000000000000000
[10001100001011]
0.000000000000000
[10001110110000]
0.000000000000000
[10010000100111]
0.000000000000000
[10010010011100]
0.000000000000000
[10010100100110]
0.000000000000000
[10011001110000]
0.000000000000000
[10100011000110]
0.000000000000000
[10101000101010]
0.000000000000016
[10101010010001]
0.000000000000000
[10101110010000]
0.000000000000000
[10110000000111]
0.000000000000000
[10110100000110]
0.000000000000016
[10111001010000]
0.000000000000016
[11000111000001]
0.000000000000008
[11001000101100]
0.000000000000016
[11100011100000]
0.000000000000000
[11101000001100]
0.000000000000000
[11110000100001]
0.000000000000000
[11110100100000]
0.000000000000000
[00000001111111]
0.000000000000000
[00000101111110]
0.000000000000000
[00010010111110]
0.000000000000000
[00011011101001]
0.000000000000000
[00011101010011]
0.000000000000000
[00011111101000]
0.000000000000000
[00100001011111]
0.000000000000000
[00100101011110]
0.000000000000000
[00100111100101]
0.000000000000000
[00101010110011]
0.000000000000000
[00101110110010]
0.000000000000000
[00110010011110]
0.000000000000000
[00111001110010]
0.000000000000000
[00111011001001]
0.000000000000000
[00111111001000]
0.000000000000004
[01000111100011]
0.000000000000004
[01001010110101]
0.000000000000000
[01001100001111]
0.000000000000000
[01001110110100]
0.000000000000000
[01010110011001]
0.000000000000000
[01011001110100]
0.000000000000000
[01100001111001]
0.000000000000000
[01100101111000]
0.000000000000000
[01100111000011]
0.000000000000000
[01101000101110]
0.000000000000008
[01101010010101]
0.000000000000000
[01101110010100]
0.000000000000008
[01110010111000]
0.000000000000000
[01111001010100]
0.000000000000000
[10001001110101]
0.000000000000000
[10001011001110]
0.000000000000000
[10001101110100]
0.000000000000000
[10010011100011]
0.000000000000000
[10010101011001]
0.000000000000000
[10010111100010]
0.000000000000000
[10011000001111]
0.000000000000000
[10011010110100]
0.000000000000008
[10011100001110]
0.000000000000000
[10100010111001]
0.000000000000000
[10100110111000]
0.000000000000004
[10101001010101]
0.000000000000008
[10101101010100]
0.000000000000004
[10110001111000]
0.000000000000000
[10110011000011]
0.000000000000000
[10110111000010]
0.000000000000000
[10111010010100]
0.000000000000000
[11001001010011]
0.000000000000000
[11001011101000]
0.000000000000000
[11001101010010]
0.000000000000000
[11010011000101]
0.000000000000000
[11010111000100]
0.000000000000000
[11011000101001]
0.000000000000000
[11011010010010]
0.000000000000000
[11011100101000]
0.000000000000000
[11100100100101]
0.000000000000000
[11101011001000]
0.000000000000000
[11111000001001]
0.000000000000000
[11111100001000]
0.000000000000000
[00001111101101]
0.000000000000000
[00010101111011]
0.000000000000000
[00011110010111]
0.000000000000000
[00101001110111]
0.000000000000000
[00101101110110]
0.000000000000000
[00101111001101]
0.000000000000000
[00110101011011]
0.000000000000000
[00111010110110]
0.000000000000000
[01001111001011]
0.000000000000000
[01010011100111]
0.000000000000000
[01010101011101]
0.000000000000000
[01010111100110]
0.000000000000000
[01011110110001]
0.000000000000000
[01100010111101]
0.000000000000000
[01100110111100]
0.000000000000000
[01101011101010]
0.000000000000000
[01110001111100]
0.000000000000000
[01110011000111]
0.000000000000000
[01110111000110]
0.000000000000000
[01111000101011]
0.000000000000000
[01111100101010]
0.000000000000000
[01111110010001]
0.000000000000000
[10000111100111]
0.000000000000000
[10010110011101]
0.000000000000000
[10011011001011]
0.000000000000000
[10011101110001]
0.000000000000000
[10011111001010]
0.000000000000000
[10100001111101]
0.000000000000000
[10100101111100]
0.000000000000000
[10100111000111]
0.000000000000000
[10101100101011]
0.000000000000000
[10110010111100]
0.000000000000000
[10111101010001]
0.000000000000000
[11000001111011]
0.000000000000000
[11000101111010]
0.000000000000000
[11001010010111]
0.000000000000000
[11001100101101]
0.000000000000000
[11001110010110]
0.000000000000000
[11010010111010]
0.000000000000000
[11011001010110]
0.000000000000000
[11100001011011]
0.000000000000000
[11100101011010]
0.000000000000000
[11100111100001]
0.000000000000000
[11101100001101]
0.000000000000000
[11110010011010]
0.000000000000000
[00010110111111]
0.000000000000000
[00110110011111]
0.000000000000000
[00111101110011]
0.000000000000000
[01011011001111]
0.000000000000000
[01011101110101]
0.000000000000000
[01011111001110]
0.000000000000000
[01101100101111]
0.000000000000000
[01110110111001]
0.000000000000000
[01111101010101]
0.000000000000000
[10001111001111]
0.000000000000000
[10011110110101]
0.000000000000000
[10101011101110]
0.000000000000000
[10110101111001]
0.000000000000000
[10111000101111]
0.000000000000000
[10111100101110]
0.000000000000000
[10111110010101]
0.000000000000000
[11000010111111]
0.000000000000000
[11000110111110]
0.000000000000000
[11001111101001]
0.000000000000000
[11010001111110]
0.000000000000000
[11011110010011]
0.000000000000000
[11100010011111]
0.000000000000000
[11100110011110]
0.000000000000000
[11101001110011]
0.000000000000000
[11101101110010]
0.000000000000000
[11101111001001]
0.000000000000000
[11110001011110]
0.000000000000000
[11110011100101]
0.000000000000000
[11110111100100]
0.000000000000000
[11111010110010]
0.000000000000000
[00111110110111]
0.000000000000000
[01101111101011]
0.000000000000000
[01110101111101]
0.000000000000000
[10110110111101]
0.000000000000000
[10111011101011]
0.000000000000000
[10111111101010]
0.000000000000000
[11010110111011]
0.000000000000000
[11011011101101]
0.000000000000000
[11011101010111]
0.000000000000000
[11011111101100]
0.000000000000000
[11101010110111]
0.000000000000000
[11101110110110]
0.000000000000000
[11110110011011]
0.000000000000000
[11111001110110]
0.000000000000000
[11111011001101]
0.000000000000000
[11111111001100]
0.000000000000000
[01111011101111]
0.000000000000000
[01111111101110]
0.000000000000000
[10101111101111]
0.000000000000000
[11010101111111]
0.000000000000000
[11110101011111]
0.000000000000000
[11111110110011]
0.000000000000000
[11111101110111]

0.993020965066 0.000000000156 0.000000000265 0.000000248830 0
0.000000062251 0.000000000249 0.000000000156 0.000000124439 3
0.000000062282 0.000497007708 0.000000000265 0.000000248815 1
0.000000062313 0.000000000218 0.000000000234 0.000000124439 3
0.000000248846 0.000000062313 0.000000000171 0.000000124641 0
0.000000248877 0.000000000125 0.000248503839 0.000000124408 2
0.000000062282 0.000497007552 0.000000248893 0.000000000031 1
0.000000062251 0.000000062437 0.000000000156 0.000000248893 3
0.000000497567 0.000000062313 0.000000124563 0.000000124563 0
0.000000000094 0.000000186596 0.000000000109 0.000000124454 1
0.000000000062 0.000497007708 0.000248503901 0.000000124470 1
0.000000062313 0.000000062219 0.000248503761 0.000000000140 2
0.000000248815 0.000000000125 0.000000000109 0.000248628261 3
0.000000000187 0.000000000156 0.000000248846 0.000000124470 2
0.000000062313 0.000000000311 0.000000373191 0.000000000125 2
0.000000062282 0.000000062406 0.000000000218 0.000000124594 3
0.000000248815 0.000000124439 0.000000000109 0.000000000265 0
0.000000248908 0.000000124407 0.000248503901 0.000000124439 2
0.000000062251 0.000000062375 0.000000124501 0.000000000094 2
0.000000000062 0.000497007615 0.000248503823 0.000000248830 1
0.000000373160 0.000000000156 0.000000124532 0.000000000109 0
0.000000310972 0.000000000187 0.000000000156 0.000000124563 0
0.000000062282 0.000497007615 0.000000000140 0.000000124516 1
0.000000062375 0.000000062375 0.000000000234 0.000000124408 3
0.000000062251 0.000000000187 0.000000000031 0.000248503901 3
0.000000373160 0.000000000094 0.000000124579 0.000000248830 0
0.000000062313 0.000000000156 0.000000248830 0.000000000156 2
0.000000062282 0.000000000343 0.000000124579 0.000248503839 3
0.000000248877 0.000000000125 0.000000124501 0.000000124485 0
0.000000000125 0.000000124470 0.000000124407 0.000000124594 3
0.000000062251 0.000000062531 0.000000124470 0.000000000296 2
0.000000000249 0.000000062406 0.000000124610 0.000000000078 2
0.000000000094 0.000000062344 0.000000000109 0.000000124532 3
0.000000497567 0.000000062251 0.000248503823 0.000000248830 2
0.000000124470 0.000000000125 0.000000000234 0.000000000140 0
0.000000000125 0.000497007708 0.000000248893 0.000000124470 1
0.000000062282 0.000000124407 0.000000248893 0.000000000109 2
0.000000248815 0.000000062282 0.000000000109 0.000248503994 3
0.000000000125 0.000000062406 0.000000124485 0.000000124594 3
0.000000000156 0.000000000311 0.000248628153 0.000000124407 2
0.000000062219 0.000000000218 0.000000124408 0.000000124423 3
0.000000559818 0.000000000125 0.000000000234 0.000000124532 0
0.000000062344 0.000000000156 0.000000000171 0.000000000109 0
0.000000124407 0.000497069834 0.000000000249 0.000000124532 1
0.000000124501 0.000000000094 0.000000124532 0.000000000109 2
0.000000310972 0.000000062344 0.000000000109 0.000000124656 0
0.000000000125 0.000000062406 0.000000000171 0.000248503916 3
0.000000062313 0.000000062468 0.000000248831 0.000000000047 2
0.000000311034 0.000000000125 0.000000124594 0.000248503823 3
0.000000000063 0.000000000156 0.000000124407 0.000000124625 3
0.000000062313 0.000000062531 0.000000124563 0.000000248893 3
0.000000000187 0.000000000187 0.000000248799 0.000000000109 2
0.000000062251 0.000000062344 0.000000000156 0.000000124532 3
0.000000311003 0.000000062188 0.000000124485 0.000000000234 0
0.000000124470 0.000000062375 0.000000248830 0.000000000125 2
0.000000000187 0.000000000405 0.000000000171 0.000248503839 3
0.000000248908 0.000000000156 0.000000248924 0.000000124470 2
0.000000000156 0.000000062282 0.000000000062 0.000000000296 1
0.000000000125 0.000000124719 0.000000124532 0.000000124548 1
0.000000062313 0.000000062375 0.000000124470 0.000000000140 2
0.000000062313 0.000000124439 0.000000000109 0.000000000249 1
0.000000311065 0.000000124407 0.000000248768 0.000000000078 0
0.000000062313 0.000000000280 0.000000000265 0.000000000171 0
0.000000000125 0.000000124719 0.000000000125 0.000000000234 1
P_correct = 0.999492

 Decoder Bias Test [####################] 200 Percent Complete
Bias 	 Logical Rate
(((1.000000, 0.999325024637812)))
