### INITIAL ###
0 1.000000e+00
1 0.000000e+00
2 0.000000e+00
3 0.000000e+00
4 0.000000e+00
5 0.000000e+00
6 0.000000e+00
7 0.000000e+00
8 0.000000e+00
9 0.000000e+00
10 0.000000e+00
11 0.000000e+00
12 0.000000e+00
13 0.000000e+00
14 0.000000e+00
15 0.000000e+00
16 0.000000e+00
17 0.000000e+00
18 0.000000e+00
19 0.000000e+00
20 0.000000e+00
21 0.000000e+00
22 0.000000e+00
23 0.000000e+00
24 0.000000e+00
25 0.000000e+00
26 0.000000e+00
27 0.000000e+00
28 0.000000e+00
29 0.000000e+00
30 0.000000e+00
31 0.000000e+00
32 0.000000e+00
33 0.000000e+00
34 0.000000e+00
35 0.000000e+00
36 0.000000e+00
37 0.000000e+00
38 0.000000e+00
39 0.000000e+00
40 0.000000e+00
41 0.000000e+00
42 0.000000e+00
43 0.000000e+00
44 0.000000e+00
45 0.000000e+00
46 0.000000e+00
47 0.000000e+00
48 0.000000e+00
49 0.000000e+00
50 0.000000e+00
51 0.000000e+00
52 0.000000e+00
53 0.000000e+00
54 0.000000e+00
55 0.000000e+00
56 0.000000e+00
57 0.000000e+00
58 0.000000e+00
59 0.000000e+00
60 0.000000e+00
61 0.000000e+00
62 0.000000e+00
63 0.000000e+00
64 0.000000e+00
65 0.000000e+00
66 0.000000e+00
67 0.000000e+00
68 0.000000e+00
69 0.000000e+00
70 0.000000e+00
71 0.000000e+00
72 0.000000e+00
73 0.000000e+00
74 0.000000e+00
75 0.000000e+00
76 0.000000e+00
77 0.000000e+00
78 0.000000e+00
79 0.000000e+00
80 0.000000e+00
81 0.000000e+00
82 0.000000e+00
83 0.000000e+00
84 0.000000e+00
85 0.000000e+00
86 0.000000e+00
87 0.000000e+00
88 0.000000e+00
89 0.000000e+00
90 0.000000e+00
91 0.000000e+00
92 0.000000e+00
93 0.000000e+00
94 0.000000e+00
95 0.000000e+00
96 0.000000e+00
97 0.000000e+00
98 0.000000e+00
99 0.000000e+00
100 0.000000e+00
101 0.000000e+00
102 0.000000e+00
103 0.000000e+00
104 0.000000e+00
105 0.000000e+00
106 0.000000e+00
107 0.000000e+00
108 0.000000e+00
109 0.000000e+00
110 0.000000e+00
111 0.000000e+00
112 0.000000e+00
113 0.000000e+00
114 0.000000e+00
115 0.000000e+00
116 0.000000e+00
117 0.000000e+00
118 0.000000e+00
119 0.000000e+00
120 0.000000e+00
121 0.000000e+00
122 0.000000e+00
123 0.000000e+00
124 0.000000e+00
125 0.000000e+00
126 0.000000e+00
127 0.000000e+00
128 0.000000e+00
129 0.000000e+00
130 0.000000e+00
131 0.000000e+00
132 0.000000e+00
133 0.000000e+00
134 0.000000e+00
135 0.000000e+00
136 0.000000e+00
137 0.000000e+00
138 0.000000e+00
139 0.000000e+00
140 0.000000e+00
141 0.000000e+00
142 0.000000e+00
143 0.000000e+00
144 0.000000e+00
145 0.000000e+00
146 0.000000e+00
147 0.000000e+00
148 0.000000e+00
149 0.000000e+00
150 0.000000e+00
151 0.000000e+00
152 0.000000e+00
153 0.000000e+00
154 0.000000e+00
155 0.000000e+00
156 0.000000e+00
157 0.000000e+00
158 0.000000e+00
159 0.000000e+00
160 0.000000e+00
161 0.000000e+00
162 0.000000e+00
163 0.000000e+00
164 0.000000e+00
165 0.000000e+00
166 0.000000e+00
167 0.000000e+00
168 0.000000e+00
169 0.000000e+00
170 0.000000e+00
171 0.000000e+00
172 0.000000e+00
173 0.000000e+00
174 0.000000e+00
175 0.000000e+00
176 0.000000e+00
177 0.000000e+00
178 0.000000e+00
179 0.000000e+00
180 0.000000e+00
181 0.000000e+00
182 0.000000e+00
183 0.000000e+00
184 0.000000e+00
185 0.000000e+00
186 0.000000e+00
187 0.000000e+00
188 0.000000e+00
189 0.000000e+00
190 0.000000e+00
191 0.000000e+00
192 0.000000e+00
193 0.000000e+00
194 0.000000e+00
195 0.000000e+00
196 0.000000e+00
197 0.000000e+00
198 0.000000e+00
199 0.000000e+00
200 0.000000e+00
201 0.000000e+00
202 0.000000e+00
203 0.000000e+00
204 0.000000e+00
205 0.000000e+00
206 0.000000e+00
207 0.000000e+00
208 0.000000e+00
209 0.000000e+00
210 0.000000e+00
211 0.000000e+00
212 0.000000e+00
213 0.000000e+00
214 0.000000e+00
215 0.000000e+00
216 0.000000e+00
217 0.000000e+00
218 0.000000e+00
219 0.000000e+00
220 0.000000e+00
221 0.000000e+00
222 0.000000e+00
223 0.000000e+00
224 0.000000e+00
225 0.000000e+00
226 0.000000e+00
227 0.000000e+00
228 0.000000e+00
229 0.000000e+00
230 0.000000e+00
231 0.000000e+00
232 0.000000e+00
233 0.000000e+00
234 0.000000e+00
235 0.000000e+00
236 0.000000e+00
237 0.000000e+00
238 0.000000e+00
239 0.000000e+00
240 0.000000e+00
241 0.000000e+00
242 0.000000e+00
243 0.000000e+00
244 0.000000e+00
245 0.000000e+00
246 0.000000e+00
247 0.000000e+00
248 0.000000e+00
249 0.000000e+00
250 0.000000e+00
251 0.000000e+00
252 0.000000e+00
253 0.000000e+00
254 0.000000e+00
255 0.000000e+00
256 0.000000e+00
257 0.000000e+00
258 0.000000e+00
259 0.000000e+00
260 0.000000e+00
261 0.000000e+00
262 0.000000e+00
263 0.000000e+00
264 0.000000e+00
265 0.000000e+00
266 0.000000e+00
267 0.000000e+00
268 0.000000e+00
269 0.000000e+00
270 0.000000e+00
271 0.000000e+00
272 0.000000e+00
273 0.000000e+00
274 0.000000e+00
275 0.000000e+00
276 0.000000e+00
277 0.000000e+00
278 0.000000e+00
279 0.000000e+00
280 0.000000e+00
281 0.000000e+00
282 0.000000e+00
283 0.000000e+00
284 0.000000e+00
285 0.000000e+00
286 0.000000e+00
287 0.000000e+00
288 0.000000e+00
289 0.000000e+00
290 0.000000e+00
291 0.000000e+00
292 0.000000e+00
293 0.000000e+00
294 0.000000e+00
295 0.000000e+00
296 0.000000e+00
297 0.000000e+00
298 0.000000e+00
299 0.000000e+00
300 0.000000e+00
301 0.000000e+00
302 0.000000e+00
303 0.000000e+00
304 0.000000e+00
305 0.000000e+00
306 0.000000e+00
307 0.000000e+00
308 0.000000e+00
309 0.000000e+00
310 0.000000e+00
311 0.000000e+00
312 0.000000e+00
313 0.000000e+00
314 0.000000e+00
315 0.000000e+00
316 0.000000e+00
317 0.000000e+00
318 0.000000e+00
319 0.000000e+00
320 0.000000e+00
321 0.000000e+00
322 0.000000e+00
323 0.000000e+00
324 0.000000e+00
325 0.000000e+00
326 0.000000e+00
327 0.000000e+00
328 0.000000e+00
329 0.000000e+00
330 0.000000e+00
331 0.000000e+00
332 0.000000e+00
333 0.000000e+00
334 0.000000e+00
335 0.000000e+00
336 0.000000e+00
337 0.000000e+00
338 0.000000e+00
339 0.000000e+00
340 0.000000e+00
341 0.000000e+00
342 0.000000e+00
343 0.000000e+00
344 0.000000e+00
345 0.000000e+00
346 0.000000e+00
347 0.000000e+00
348 0.000000e+00
349 0.000000e+00
350 0.000000e+00
351 0.000000e+00
352 0.000000e+00
353 0.000000e+00
354 0.000000e+00
355 0.000000e+00
356 0.000000e+00
357 0.000000e+00
358 0.000000e+00
359 0.000000e+00
360 0.000000e+00
361 0.000000e+00
362 0.000000e+00
363 0.000000e+00
364 0.000000e+00
365 0.000000e+00
366 0.000000e+00
367 0.000000e+00
368 0.000000e+00
369 0.000000e+00
370 0.000000e+00
371 0.000000e+00
372 0.000000e+00
373 0.000000e+00
374 0.000000e+00
375 0.000000e+00
376 0.000000e+00
377 0.000000e+00
378 0.000000e+00
379 0.000000e+00
380 0.000000e+00
381 0.000000e+00
382 0.000000e+00
383 0.000000e+00
384 0.000000e+00
385 0.000000e+00
386 0.000000e+00
387 0.000000e+00
388 0.000000e+00
389 0.000000e+00
390 0.000000e+00
391 0.000000e+00
392 0.000000e+00
393 0.000000e+00
394 0.000000e+00
395 0.000000e+00
396 0.000000e+00
397 0.000000e+00
398 0.000000e+00
399 0.000000e+00
400 0.000000e+00
401 0.000000e+00
402 0.000000e+00
403 0.000000e+00
404 0.000000e+00
405 0.000000e+00
406 0.000000e+00
407 0.000000e+00
408 0.000000e+00
409 0.000000e+00
410 0.000000e+00
411 0.000000e+00
412 0.000000e+00
413 0.000000e+00
414 0.000000e+00
415 0.000000e+00
416 0.000000e+00
417 0.000000e+00
418 0.000000e+00
419 0.000000e+00
420 0.000000e+00
421 0.000000e+00
422 0.000000e+00
423 0.000000e+00
424 0.000000e+00
425 0.000000e+00
426 0.000000e+00
427 0.000000e+00
428 0.000000e+00
429 0.000000e+00
430 0.000000e+00
431 0.000000e+00
432 0.000000e+00
433 0.000000e+00
434 0.000000e+00
435 0.000000e+00
436 0.000000e+00
437 0.000000e+00
438 0.000000e+00
439 0.000000e+00
440 0.000000e+00
441 0.000000e+00
442 0.000000e+00
443 0.000000e+00
444 0.000000e+00
445 0.000000e+00
446 0.000000e+00
447 0.000000e+00
448 0.000000e+00
449 0.000000e+00
450 0.000000e+00
451 0.000000e+00
452 0.000000e+00
453 0.000000e+00
454 0.000000e+00
455 0.000000e+00
456 0.000000e+00
457 0.000000e+00
458 0.000000e+00
459 0.000000e+00
460 0.000000e+00
461 0.000000e+00
462 0.000000e+00
463 0.000000e+00
464 0.000000e+00
465 0.000000e+00
466 0.000000e+00
467 0.000000e+00
468 0.000000e+00
469 0.000000e+00
470 0.000000e+00
471 0.000000e+00
472 0.000000e+00
473 0.000000e+00
474 0.000000e+00
475 0.000000e+00
476 0.000000e+00
477 0.000000e+00
478 0.000000e+00
479 0.000000e+00
480 0.000000e+00
481 0.000000e+00
482 0.000000e+00
483 0.000000e+00
484 0.000000e+00
485 0.000000e+00
486 0.000000e+00
487 0.000000e+00
488 0.000000e+00
489 0.000000e+00
490 0.000000e+00
491 0.000000e+00
492 0.000000e+00
493 0.000000e+00
494 0.000000e+00
495 0.000000e+00
496 0.000000e+00
497 0.000000e+00
498 0.000000e+00
499 0.000000e+00
500 0.000000e+00
501 0.000000e+00
502 0.000000e+00
503 0.000000e+00
504 0.000000e+00
505 0.000000e+00
506 0.000000e+00
507 0.000000e+00
508 0.000000e+00
509 0.000000e+00
510 0.000000e+00
511 0.000000e+00
512 0.000000e+00
513 0.000000e+00
514 0.000000e+00
515 0.000000e+00
516 0.000000e+00
517 0.000000e+00
518 0.000000e+00
519 0.000000e+00
520 0.000000e+00
521 0.000000e+00
522 0.000000e+00
523 0.000000e+00
524 0.000000e+00
525 0.000000e+00
526 0.000000e+00
527 0.000000e+00
528 0.000000e+00
529 0.000000e+00
530 0.000000e+00
531 0.000000e+00
532 0.000000e+00
533 0.000000e+00
534 0.000000e+00
535 0.000000e+00
536 0.000000e+00
537 0.000000e+00
538 0.000000e+00
539 0.000000e+00
540 0.000000e+00
541 0.000000e+00
542 0.000000e+00
543 0.000000e+00
544 0.000000e+00
545 0.000000e+00
546 0.000000e+00
547 0.000000e+00
548 0.000000e+00
549 0.000000e+00
550 0.000000e+00
551 0.000000e+00
552 0.000000e+00
553 0.000000e+00
554 0.000000e+00
555 0.000000e+00
556 0.000000e+00
557 0.000000e+00
558 0.000000e+00
559 0.000000e+00
560 0.000000e+00
561 0.000000e+00
562 0.000000e+00
563 0.000000e+00
564 0.000000e+00
565 0.000000e+00
566 0.000000e+00
567 0.000000e+00
568 0.000000e+00
569 0.000000e+00
570 0.000000e+00
571 0.000000e+00
572 0.000000e+00
573 0.000000e+00
574 0.000000e+00
575 0.000000e+00
576 0.000000e+00
577 0.000000e+00
578 0.000000e+00
579 0.000000e+00
580 0.000000e+00
581 0.000000e+00
582 0.000000e+00
583 0.000000e+00
584 0.000000e+00
585 0.000000e+00
586 0.000000e+00
587 0.000000e+00
588 0.000000e+00
589 0.000000e+00
590 0.000000e+00
591 0.000000e+00
592 0.000000e+00
593 0.000000e+00
594 0.000000e+00
595 0.000000e+00
596 0.000000e+00
597 0.000000e+00
598 0.000000e+00
599 0.000000e+00
600 0.000000e+00
601 0.000000e+00
602 0.000000e+00
603 0.000000e+00
604 0.000000e+00
605 0.000000e+00
606 0.000000e+00
607 0.000000e+00
608 0.000000e+00
609 0.000000e+00
610 0.000000e+00
611 0.000000e+00
612 0.000000e+00
613 0.000000e+00
614 0.000000e+00
615 0.000000e+00
616 0.000000e+00
617 0.000000e+00
618 0.000000e+00
619 0.000000e+00
620 0.000000e+00
621 0.000000e+00
622 0.000000e+00
623 0.000000e+00
624 0.000000e+00
625 0.000000e+00
626 0.000000e+00
627 0.000000e+00
628 0.000000e+00
629 0.000000e+00
630 0.000000e+00
631 0.000000e+00
632 0.000000e+00
633 0.000000e+00
634 0.000000e+00
635 0.000000e+00
636 0.000000e+00
637 0.000000e+00
638 0.000000e+00
639 0.000000e+00
640 0.000000e+00
641 0.000000e+00
642 0.000000e+00
643 0.000000e+00
644 0.000000e+00
645 0.000000e+00
646 0.000000e+00
647 0.000000e+00
648 0.000000e+00
649 0.000000e+00
650 0.000000e+00
651 0.000000e+00
652 0.000000e+00
653 0.000000e+00
654 0.000000e+00
655 0.000000e+00
656 0.000000e+00
657 0.000000e+00
658 0.000000e+00
659 0.000000e+00
660 0.000000e+00
661 0.000000e+00
662 0.000000e+00
663 0.000000e+00
664 0.000000e+00
665 0.000000e+00
666 0.000000e+00
667 0.000000e+00
668 0.000000e+00
669 0.000000e+00
670 0.000000e+00
671 0.000000e+00
672 0.000000e+00
673 0.000000e+00
674 0.000000e+00
675 0.000000e+00
676 0.000000e+00
677 0.000000e+00
678 0.000000e+00
679 0.000000e+00
680 0.000000e+00
681 0.000000e+00
682 0.000000e+00
683 0.000000e+00
684 0.000000e+00
685 0.000000e+00
686 0.000000e+00
687 0.000000e+00
688 0.000000e+00
689 0.000000e+00
690 0.000000e+00
691 0.000000e+00
692 0.000000e+00
693 0.000000e+00
694 0.000000e+00
695 0.000000e+00
696 0.000000e+00
697 0.000000e+00
698 0.000000e+00
699 0.000000e+00
700 0.000000e+00
701 0.000000e+00
702 0.000000e+00
703 0.000000e+00
704 0.000000e+00
705 0.000000e+00
706 0.000000e+00
707 0.000000e+00
708 0.000000e+00
709 0.000000e+00
710 0.000000e+00
711 0.000000e+00
712 0.000000e+00
713 0.000000e+00
714 0.000000e+00
715 0.000000e+00
716 0.000000e+00
717 0.000000e+00
718 0.000000e+00
719 0.000000e+00
720 0.000000e+00
721 0.000000e+00
722 0.000000e+00
723 0.000000e+00
724 0.000000e+00
725 0.000000e+00
726 0.000000e+00
727 0.000000e+00
728 0.000000e+00
729 0.000000e+00
730 0.000000e+00
731 0.000000e+00
732 0.000000e+00
733 0.000000e+00
734 0.000000e+00
735 0.000000e+00
736 0.000000e+00
737 0.000000e+00
738 0.000000e+00
739 0.000000e+00
740 0.000000e+00
741 0.000000e+00
742 0.000000e+00
743 0.000000e+00
744 0.000000e+00
745 0.000000e+00
746 0.000000e+00
747 0.000000e+00
748 0.000000e+00
749 0.000000e+00
750 0.000000e+00
751 0.000000e+00
752 0.000000e+00
753 0.000000e+00
754 0.000000e+00
755 0.000000e+00
756 0.000000e+00
757 0.000000e+00
758 0.000000e+00
759 0.000000e+00
760 0.000000e+00
761 0.000000e+00
762 0.000000e+00
763 0.000000e+00
764 0.000000e+00
765 0.000000e+00
766 0.000000e+00
767 0.000000e+00
768 0.000000e+00
769 0.000000e+00
770 0.000000e+00
771 0.000000e+00
772 0.000000e+00
773 0.000000e+00
774 0.000000e+00
775 0.000000e+00
776 0.000000e+00
777 0.000000e+00
778 0.000000e+00
779 0.000000e+00
780 0.000000e+00
781 0.000000e+00
782 0.000000e+00
783 0.000000e+00
784 0.000000e+00
785 0.000000e+00
786 0.000000e+00
787 0.000000e+00
788 0.000000e+00
789 0.000000e+00
790 0.000000e+00
791 0.000000e+00
792 0.000000e+00
793 0.000000e+00
794 0.000000e+00
795 0.000000e+00
796 0.000000e+00
797 0.000000e+00
798 0.000000e+00
799 0.000000e+00
800 0.000000e+00
801 0.000000e+00
802 0.000000e+00
803 0.000000e+00
804 0.000000e+00
805 0.000000e+00
806 0.000000e+00
807 0.000000e+00
808 0.000000e+00
809 0.000000e+00
810 0.000000e+00
811 0.000000e+00
812 0.000000e+00
813 0.000000e+00
814 0.000000e+00
815 0.000000e+00
816 0.000000e+00
817 0.000000e+00
818 0.000000e+00
819 0.000000e+00
820 0.000000e+00
821 0.000000e+00
822 0.000000e+00
823 0.000000e+00
824 0.000000e+00
825 0.000000e+00
826 0.000000e+00
827 0.000000e+00
828 0.000000e+00
829 0.000000e+00
830 0.000000e+00
831 0.000000e+00
832 0.000000e+00
833 0.000000e+00
834 0.000000e+00
835 0.000000e+00
836 0.000000e+00
837 0.000000e+00
838 0.000000e+00
839 0.000000e+00
840 0.000000e+00
841 0.000000e+00
842 0.000000e+00
843 0.000000e+00
844 0.000000e+00
845 0.000000e+00
846 0.000000e+00
847 0.000000e+00
848 0.000000e+00
849 0.000000e+00
850 0.000000e+00
851 0.000000e+00
852 0.000000e+00
853 0.000000e+00
854 0.000000e+00
855 0.000000e+00
856 0.000000e+00
857 0.000000e+00
858 0.000000e+00
859 0.000000e+00
860 0.000000e+00
861 0.000000e+00
862 0.000000e+00
863 0.000000e+00
864 0.000000e+00
865 0.000000e+00
866 0.000000e+00
867 0.000000e+00
868 0.000000e+00
869 0.000000e+00
870 0.000000e+00
871 0.000000e+00
872 0.000000e+00
873 0.000000e+00
874 0.000000e+00
875 0.000000e+00
876 0.000000e+00
877 0.000000e+00
878 0.000000e+00
879 0.000000e+00
880 0.000000e+00
881 0.000000e+00
882 0.000000e+00
883 0.000000e+00
884 0.000000e+00
885 0.000000e+00
886 0.000000e+00
887 0.000000e+00
888 0.000000e+00
889 0.000000e+00
890 0.000000e+00
891 0.000000e+00
892 0.000000e+00
893 0.000000e+00
894 0.000000e+00
895 0.000000e+00
896 0.000000e+00
897 0.000000e+00
898 0.000000e+00
899 0.000000e+00
900 0.000000e+00
901 0.000000e+00
902 0.000000e+00
903 0.000000e+00
904 0.000000e+00
905 0.000000e+00
906 0.000000e+00
907 0.000000e+00
908 0.000000e+00
909 0.000000e+00
910 0.000000e+00
911 0.000000e+00
912 0.000000e+00
913 0.000000e+00
914 0.000000e+00
915 0.000000e+00
916 0.000000e+00
917 0.000000e+00
918 0.000000e+00
919 0.000000e+00
920 0.000000e+00
921 0.000000e+00
922 0.000000e+00
923 0.000000e+00
924 0.000000e+00
925 0.000000e+00
926 0.000000e+00
927 0.000000e+00
928 0.000000e+00
929 0.000000e+00
930 0.000000e+00
931 0.000000e+00
932 0.000000e+00
933 0.000000e+00
934 0.000000e+00
935 0.000000e+00
936 0.000000e+00
937 0.000000e+00
938 0.000000e+00
939 0.000000e+00
940 0.000000e+00
941 0.000000e+00
942 0.000000e+00
943 0.000000e+00
944 0.000000e+00
945 0.000000e+00
946 0.000000e+00
947 0.000000e+00
948 0.000000e+00
949 0.000000e+00
950 0.000000e+00
951 0.000000e+00
952 0.000000e+00
953 0.000000e+00
954 0.000000e+00
955 0.000000e+00
956 0.000000e+00
957 0.000000e+00
958 0.000000e+00
959 0.000000e+00
960 0.000000e+00
961 0.000000e+00
962 0.000000e+00
963 0.000000e+00
964 0.000000e+00
965 0.000000e+00
966 0.000000e+00
967 0.000000e+00
968 0.000000e+00
969 0.000000e+00
970 0.000000e+00
971 0.000000e+00
972 0.000000e+00
973 0.000000e+00
974 0.000000e+00
975 0.000000e+00
976 0.000000e+00
977 0.000000e+00
978 0.000000e+00
979 0.000000e+00
980 0.000000e+00
981 0.000000e+00
982 0.000000e+00
983 0.000000e+00
984 0.000000e+00
985 0.000000e+00
986 0.000000e+00
987 0.000000e+00
988 0.000000e+00
989 0.000000e+00
990 0.000000e+00
991 0.000000e+00
992 0.000000e+00
993 0.000000e+00
994 0.000000e+00
995 0.000000e+00
996 0.000000e+00
997 0.000000e+00
998 0.000000e+00
999 0.000000e+00
1000 0.000000e+00
1001 0.000000e+00
1002 0.000000e+00
1003 0.000000e+00
1004 0.000000e+00
1005 0.000000e+00
1006 0.000000e+00
1007 0.000000e+00
1008 0.000000e+00
1009 0.000000e+00
1010 0.000000e+00
1011 0.000000e+00
1012 0.000000e+00
1013 0.000000e+00
1014 0.000000e+00
1015 0.000000e+00
1016 0.000000e+00
1017 0.000000e+00
1018 0.000000e+00
1019 0.000000e+00
1020 0.000000e+00
1021 0.000000e+00
1022 0.000000e+00
1023 0.000000e+00
START: 0
END: 1024
initial_state: 0 5 [0000000000]
initial_state: 1 5 [0000000001]
initial_state: 2 5 [0000000010]
initial_state: 3 5 [0000000011]
initial_state: 4 5 [0000000100]
initial_state: 5 5 [0000000101]
initial_state: 6 5 [0000000110]
initial_state: 7 5 [0000000111]
initial_state: 8 5 [0000001000]
initial_state: 9 5 [0000001001]
initial_state: 10 5 [0000001010]
initial_state: 11 5 [0000001011]
initial_state: 12 5 [0000001100]
initial_state: 13 5 [0000001101]
initial_state: 14 5 [0000001110]
initial_state: 15 5 [0000001111]
initial_state: 16 5 [0000010000]
initial_state: 17 5 [0000010001]
initial_state: 18 5 [0000010010]
initial_state: 19 5 [0000010011]
initial_state: 20 5 [0000010100]
initial_state: 21 5 [0000010101]
initial_state: 22 5 [0000010110]
initial_state: 23 5 [0000010111]
initial_state: 24 5 [0000011000]
initial_state: 25 5 [0000011001]
initial_state: 26 5 [0000011010]
initial_state: 27 5 [0000011011]
initial_state: 28 5 [0000011100]
initial_state: 29 5 [0000011101]
initial_state: 30 5 [0000011110]
initial_state: 31 5 [0000011111]
initial_state: 32 5 [0000100000]
initial_state: 33 5 [0000100001]
initial_state: 34 5 [0000100010]
initial_state: 35 5 [0000100011]
initial_state: 36 5 [0000100100]
initial_state: 37 5 [0000100101]
initial_state: 38 5 [0000100110]
initial_state: 39 5 [0000100111]
initial_state: 40 5 [0000101000]
initial_state: 41 5 [0000101001]
initial_state: 42 5 [0000101010]
initial_state: 43 5 [0000101011]
initial_state: 44 5 [0000101100]
initial_state: 45 5 [0000101101]
initial_state: 46 5 [0000101110]
initial_state: 47 5 [0000101111]
initial_state: 48 5 [0000110000]
initial_state: 49 5 [0000110001]
initial_state: 50 5 [0000110010]
initial_state: 51 5 [0000110011]
initial_state: 52 5 [0000110100]
initial_state: 53 5 [0000110101]
initial_state: 54 5 [0000110110]
initial_state: 55 5 [0000110111]
initial_state: 56 5 [0000111000]
initial_state: 57 5 [0000111001]
initial_state: 58 5 [0000111010]
initial_state: 59 5 [0000111011]
initial_state: 60 5 [0000111100]
initial_state: 61 5 [0000111101]
initial_state: 62 5 [0000111110]
initial_state: 63 5 [0000111111]
initial_state: 64 5 [0001000000]
initial_state: 65 5 [0001000001]
initial_state: 66 5 [0001000010]
initial_state: 67 5 [0001000011]
initial_state: 68 5 [0001000100]
initial_state: 69 5 [0001000101]
initial_state: 70 5 [0001000110]
initial_state: 71 5 [0001000111]
initial_state: 72 5 [0001001000]
initial_state: 73 5 [0001001001]
initial_state: 74 5 [0001001010]
initial_state: 75 5 [0001001011]
initial_state: 76 5 [0001001100]
initial_state: 77 5 [0001001101]
initial_state: 78 5 [0001001110]
initial_state: 79 5 [0001001111]
initial_state: 80 5 [0001010000]
initial_state: 81 5 [0001010001]
initial_state: 82 5 [0001010010]
initial_state: 83 5 [0001010011]
initial_state: 84 5 [0001010100]
initial_state: 85 5 [0001010101]
initial_state: 86 5 [0001010110]
initial_state: 87 5 [0001010111]
initial_state: 88 5 [0001011000]
initial_state: 89 5 [0001011001]
initial_state: 90 5 [0001011010]
initial_state: 91 5 [0001011011]
initial_state: 92 5 [0001011100]
initial_state: 93 5 [0001011101]
initial_state: 94 5 [0001011110]
initial_state: 95 5 [0001011111]
initial_state: 96 5 [0001100000]
initial_state: 97 5 [0001100001]
initial_state: 98 5 [0001100010]
initial_state: 99 5 [0001100011]
initial_state: 100 5 [0001100100]
initial_state: 101 5 [0001100101]
initial_state: 102 5 [0001100110]
initial_state: 103 5 [0001100111]
initial_state: 104 5 [0001101000]
initial_state: 105 5 [0001101001]
initial_state: 106 5 [0001101010]
initial_state: 107 5 [0001101011]
initial_state: 108 5 [0001101100]
initial_state: 109 5 [0001101101]
initial_state: 110 5 [0001101110]
initial_state: 111 5 [0001101111]
initial_state: 112 5 [0001110000]
initial_state: 113 5 [0001110001]
initial_state: 114 5 [0001110010]
initial_state: 115 5 [0001110011]
initial_state: 116 5 [0001110100]
initial_state: 117 5 [0001110101]
initial_state: 118 5 [0001110110]
initial_state: 119 5 [0001110111]
initial_state: 120 5 [0001111000]
initial_state: 121 5 [0001111001]
initial_state: 122 5 [0001111010]
initial_state: 123 5 [0001111011]
initial_state: 124 5 [0001111100]
initial_state: 125 5 [0001111101]
initial_state: 126 5 [0001111110]
initial_state: 127 5 [0001111111]
initial_state: 128 5 [0010000000]
initial_state: 129 5 [0010000001]
initial_state: 130 5 [0010000010]
initial_state: 131 5 [0010000011]
initial_state: 132 5 [0010000100]
initial_state: 133 5 [0010000101]
initial_state: 134 5 [0010000110]
initial_state: 135 5 [0010000111]
initial_state: 136 5 [0010001000]
initial_state: 137 5 [0010001001]
initial_state: 138 5 [0010001010]
initial_state: 139 5 [0010001011]
initial_state: 140 5 [0010001100]
initial_state: 141 5 [0010001101]
initial_state: 142 5 [0010001110]
initial_state: 143 5 [0010001111]
initial_state: 144 5 [0010010000]
initial_state: 145 5 [0010010001]
initial_state: 146 5 [0010010010]
initial_state: 147 5 [0010010011]
initial_state: 148 5 [0010010100]
initial_state: 149 5 [0010010101]
initial_state: 150 5 [0010010110]
initial_state: 151 5 [0010010111]
initial_state: 152 5 [0010011000]
initial_state: 153 5 [0010011001]
initial_state: 154 5 [0010011010]
initial_state: 155 5 [0010011011]
initial_state: 156 5 [0010011100]
initial_state: 157 5 [0010011101]
initial_state: 158 5 [0010011110]
initial_state: 159 5 [0010011111]
initial_state: 160 5 [0010100000]
initial_state: 161 5 [0010100001]
initial_state: 162 5 [0010100010]
initial_state: 163 5 [0010100011]
initial_state: 164 5 [0010100100]
initial_state: 165 5 [0010100101]
initial_state: 166 5 [0010100110]
initial_state: 167 5 [0010100111]
initial_state: 168 5 [0010101000]
initial_state: 169 5 [0010101001]
initial_state: 170 5 [0010101010]
initial_state: 171 5 [0010101011]
initial_state: 172 5 [0010101100]
initial_state: 173 5 [0010101101]
initial_state: 174 5 [0010101110]
initial_state: 175 5 [0010101111]
initial_state: 176 5 [0010110000]
initial_state: 177 5 [0010110001]
initial_state: 178 5 [0010110010]
initial_state: 179 5 [0010110011]
initial_state: 180 5 [0010110100]
initial_state: 181 5 [0010110101]
initial_state: 182 5 [0010110110]
initial_state: 183 5 [0010110111]
initial_state: 184 5 [0010111000]
initial_state: 185 5 [0010111001]
initial_state: 186 5 [0010111010]
initial_state: 187 5 [0010111011]
initial_state: 188 5 [0010111100]
initial_state: 189 5 [0010111101]
initial_state: 190 5 [0010111110]
initial_state: 191 5 [0010111111]
initial_state: 192 5 [0011000000]
initial_state: 193 5 [0011000001]
initial_state: 194 5 [0011000010]
initial_state: 195 5 [0011000011]
initial_state: 196 5 [0011000100]
initial_state: 197 5 [0011000101]
initial_state: 198 5 [0011000110]
initial_state: 199 5 [0011000111]
initial_state: 200 5 [0011001000]
initial_state: 201 5 [0011001001]
initial_state: 202 5 [0011001010]
initial_state: 203 5 [0011001011]
initial_state: 204 5 [0011001100]
initial_state: 205 5 [0011001101]
initial_state: 206 5 [0011001110]
initial_state: 207 5 [0011001111]
initial_state: 208 5 [0011010000]
initial_state: 209 5 [0011010001]
initial_state: 210 5 [0011010010]
initial_state: 211 5 [0011010011]
initial_state: 212 5 [0011010100]
initial_state: 213 5 [0011010101]
initial_state: 214 5 [0011010110]
initial_state: 215 5 [0011010111]
initial_state: 216 5 [0011011000]
initial_state: 217 5 [0011011001]
initial_state: 218 5 [0011011010]
initial_state: 219 5 [0011011011]
initial_state: 220 5 [0011011100]
initial_state: 221 5 [0011011101]
initial_state: 222 5 [0011011110]
initial_state: 223 5 [0011011111]
initial_state: 224 5 [0011100000]
initial_state: 225 5 [0011100001]
initial_state: 226 5 [0011100010]
initial_state: 227 5 [0011100011]
initial_state: 228 5 [0011100100]
initial_state: 229 5 [0011100101]
initial_state: 230 5 [0011100110]
initial_state: 231 5 [0011100111]
initial_state: 232 5 [0011101000]
initial_state: 233 5 [0011101001]
initial_state: 234 5 [0011101010]
initial_state: 235 5 [0011101011]
initial_state: 236 5 [0011101100]
initial_state: 237 5 [0011101101]
initial_state: 238 5 [0011101110]
initial_state: 239 5 [0011101111]
initial_state: 240 5 [0011110000]
initial_state: 241 5 [0011110001]
initial_state: 242 5 [0011110010]
initial_state: 243 5 [0011110011]
initial_state: 244 5 [0011110100]
initial_state: 245 5 [0011110101]
initial_state: 246 5 [0011110110]
initial_state: 247 5 [0011110111]
initial_state: 248 5 [0011111000]
initial_state: 249 5 [0011111001]
initial_state: 250 5 [0011111010]
initial_state: 251 5 [0011111011]
initial_state: 252 5 [0011111100]
initial_state: 253 5 [0011111101]
initial_state: 254 5 [0011111110]
initial_state: 255 5 [0011111111]
initial_state: 256 5 [0100000000]
initial_state: 257 5 [0100000001]
initial_state: 258 5 [0100000010]
initial_state: 259 5 [0100000011]
initial_state: 260 5 [0100000100]
initial_state: 261 5 [0100000101]
initial_state: 262 5 [0100000110]
initial_state: 263 5 [0100000111]
initial_state: 264 5 [0100001000]
initial_state: 265 5 [0100001001]
initial_state: 266 5 [0100001010]
initial_state: 267 5 [0100001011]
initial_state: 268 5 [0100001100]
initial_state: 269 5 [0100001101]
initial_state: 270 5 [0100001110]
initial_state: 271 5 [0100001111]
initial_state: 272 5 [0100010000]
initial_state: 273 5 [0100010001]
initial_state: 274 5 [0100010010]
initial_state: 275 5 [0100010011]
initial_state: 276 5 [0100010100]
initial_state: 277 5 [0100010101]
initial_state: 278 5 [0100010110]
initial_state: 279 5 [0100010111]
initial_state: 280 5 [0100011000]
initial_state: 281 5 [0100011001]
initial_state: 282 5 [0100011010]
initial_state: 283 5 [0100011011]
initial_state: 284 5 [0100011100]
initial_state: 285 5 [0100011101]
initial_state: 286 5 [0100011110]
initial_state: 287 5 [0100011111]
initial_state: 288 5 [0100100000]
initial_state: 289 5 [0100100001]
initial_state: 290 5 [0100100010]
initial_state: 291 5 [0100100011]
initial_state: 292 5 [0100100100]
initial_state: 293 5 [0100100101]
initial_state: 294 5 [0100100110]
initial_state: 295 5 [0100100111]
initial_state: 296 5 [0100101000]
initial_state: 297 5 [0100101001]
initial_state: 298 5 [0100101010]
initial_state: 299 5 [0100101011]
initial_state: 300 5 [0100101100]
initial_state: 301 5 [0100101101]
initial_state: 302 5 [0100101110]
initial_state: 303 5 [0100101111]
initial_state: 304 5 [0100110000]
initial_state: 305 5 [0100110001]
initial_state: 306 5 [0100110010]
initial_state: 307 5 [0100110011]
initial_state: 308 5 [0100110100]
initial_state: 309 5 [0100110101]
initial_state: 310 5 [0100110110]
initial_state: 311 5 [0100110111]
initial_state: 312 5 [0100111000]
initial_state: 313 5 [0100111001]
initial_state: 314 5 [0100111010]
initial_state: 315 5 [0100111011]
initial_state: 316 5 [0100111100]
initial_state: 317 5 [0100111101]
initial_state: 318 5 [0100111110]
initial_state: 319 5 [0100111111]
initial_state: 320 5 [0101000000]
initial_state: 321 5 [0101000001]
initial_state: 322 5 [0101000010]
initial_state: 323 5 [0101000011]
initial_state: 324 5 [0101000100]
initial_state: 325 5 [0101000101]
initial_state: 326 5 [0101000110]
initial_state: 327 5 [0101000111]
initial_state: 328 5 [0101001000]
initial_state: 329 5 [0101001001]
initial_state: 330 5 [0101001010]
initial_state: 331 5 [0101001011]
initial_state: 332 5 [0101001100]
initial_state: 333 5 [0101001101]
initial_state: 334 5 [0101001110]
initial_state: 335 5 [0101001111]
initial_state: 336 5 [0101010000]
initial_state: 337 5 [0101010001]
initial_state: 338 5 [0101010010]
initial_state: 339 5 [0101010011]
initial_state: 340 5 [0101010100]
initial_state: 341 5 [0101010101]
initial_state: 342 5 [0101010110]
initial_state: 343 5 [0101010111]
initial_state: 344 5 [0101011000]
initial_state: 345 5 [0101011001]
initial_state: 346 5 [0101011010]
initial_state: 347 5 [0101011011]
initial_state: 348 5 [0101011100]
initial_state: 349 5 [0101011101]
initial_state: 350 5 [0101011110]
initial_state: 351 5 [0101011111]
initial_state: 352 5 [0101100000]
initial_state: 353 5 [0101100001]
initial_state: 354 5 [0101100010]
initial_state: 355 5 [0101100011]
initial_state: 356 5 [0101100100]
initial_state: 357 5 [0101100101]
initial_state: 358 5 [0101100110]
initial_state: 359 5 [0101100111]
initial_state: 360 5 [0101101000]
initial_state: 361 5 [0101101001]
initial_state: 362 5 [0101101010]
initial_state: 363 5 [0101101011]
initial_state: 364 5 [0101101100]
initial_state: 365 5 [0101101101]
initial_state: 366 5 [0101101110]
initial_state: 367 5 [0101101111]
initial_state: 368 5 [0101110000]
initial_state: 369 5 [0101110001]
initial_state: 370 5 [0101110010]
initial_state: 371 5 [0101110011]
initial_state: 372 5 [0101110100]
initial_state: 373 5 [0101110101]
initial_state: 374 5 [0101110110]
initial_state: 375 5 [0101110111]
initial_state: 376 5 [0101111000]
initial_state: 377 5 [0101111001]
initial_state: 378 5 [0101111010]
initial_state: 379 5 [0101111011]
initial_state: 380 5 [0101111100]
initial_state: 381 5 [0101111101]
initial_state: 382 5 [0101111110]
initial_state: 383 5 [0101111111]
initial_state: 384 5 [0110000000]
initial_state: 385 5 [0110000001]
initial_state: 386 5 [0110000010]
initial_state: 387 5 [0110000011]
initial_state: 388 5 [0110000100]
initial_state: 389 5 [0110000101]
initial_state: 390 5 [0110000110]
initial_state: 391 5 [0110000111]
initial_state: 392 5 [0110001000]
initial_state: 393 5 [0110001001]
initial_state: 394 5 [0110001010]
initial_state: 395 5 [0110001011]
initial_state: 396 5 [0110001100]
initial_state: 397 5 [0110001101]
initial_state: 398 5 [0110001110]
initial_state: 399 5 [0110001111]
initial_state: 400 5 [0110010000]
initial_state: 401 5 [0110010001]
initial_state: 402 5 [0110010010]
initial_state: 403 5 [0110010011]
initial_state: 404 5 [0110010100]
initial_state: 405 5 [0110010101]
initial_state: 406 5 [0110010110]
initial_state: 407 5 [0110010111]
initial_state: 408 5 [0110011000]
initial_state: 409 5 [0110011001]
initial_state: 410 5 [0110011010]
initial_state: 411 5 [0110011011]
initial_state: 412 5 [0110011100]
initial_state: 413 5 [0110011101]
initial_state: 414 5 [0110011110]
initial_state: 415 5 [0110011111]
initial_state: 416 5 [0110100000]
initial_state: 417 5 [0110100001]
initial_state: 418 5 [0110100010]
initial_state: 419 5 [0110100011]
initial_state: 420 5 [0110100100]
initial_state: 421 5 [0110100101]
initial_state: 422 5 [0110100110]
initial_state: 423 5 [0110100111]
initial_state: 424 5 [0110101000]
initial_state: 425 5 [0110101001]
initial_state: 426 5 [0110101010]
initial_state: 427 5 [0110101011]
initial_state: 428 5 [0110101100]
initial_state: 429 5 [0110101101]
initial_state: 430 5 [0110101110]
initial_state: 431 5 [0110101111]
initial_state: 432 5 [0110110000]
initial_state: 433 5 [0110110001]
initial_state: 434 5 [0110110010]
initial_state: 435 5 [0110110011]
initial_state: 436 5 [0110110100]
initial_state: 437 5 [0110110101]
initial_state: 438 5 [0110110110]
initial_state: 439 5 [0110110111]
initial_state: 440 5 [0110111000]
initial_state: 441 5 [0110111001]
initial_state: 442 5 [0110111010]
initial_state: 443 5 [0110111011]
initial_state: 444 5 [0110111100]
initial_state: 445 5 [0110111101]
initial_state: 446 5 [0110111110]
initial_state: 447 5 [0110111111]
initial_state: 448 5 [0111000000]
initial_state: 449 5 [0111000001]
initial_state: 450 5 [0111000010]
initial_state: 451 5 [0111000011]
initial_state: 452 5 [0111000100]
initial_state: 453 5 [0111000101]
initial_state: 454 5 [0111000110]
initial_state: 455 5 [0111000111]
initial_state: 456 5 [0111001000]
initial_state: 457 5 [0111001001]
initial_state: 458 5 [0111001010]
initial_state: 459 5 [0111001011]
initial_state: 460 5 [0111001100]
initial_state: 461 5 [0111001101]
initial_state: 462 5 [0111001110]
initial_state: 463 5 [0111001111]
initial_state: 464 5 [0111010000]
initial_state: 465 5 [0111010001]
initial_state: 466 5 [0111010010]
initial_state: 467 5 [0111010011]
initial_state: 468 5 [0111010100]
initial_state: 469 5 [0111010101]
initial_state: 470 5 [0111010110]
initial_state: 471 5 [0111010111]
initial_state: 472 5 [0111011000]
initial_state: 473 5 [0111011001]
initial_state: 474 5 [0111011010]
initial_state: 475 5 [0111011011]
initial_state: 476 5 [0111011100]
initial_state: 477 5 [0111011101]
initial_state: 478 5 [0111011110]
initial_state: 479 5 [0111011111]
initial_state: 480 5 [0111100000]
initial_state: 481 5 [0111100001]
initial_state: 482 5 [0111100010]
initial_state: 483 5 [0111100011]
initial_state: 484 5 [0111100100]
initial_state: 485 5 [0111100101]
initial_state: 486 5 [0111100110]
initial_state: 487 5 [0111100111]
initial_state: 488 5 [0111101000]
initial_state: 489 5 [0111101001]
initial_state: 490 5 [0111101010]
initial_state: 491 5 [0111101011]
initial_state: 492 5 [0111101100]
initial_state: 493 5 [0111101101]
initial_state: 494 5 [0111101110]
initial_state: 495 5 [0111101111]
initial_state: 496 5 [0111110000]
initial_state: 497 5 [0111110001]
initial_state: 498 5 [0111110010]
initial_state: 499 5 [0111110011]
initial_state: 500 5 [0111110100]
initial_state: 501 5 [0111110101]
initial_state: 502 5 [0111110110]
initial_state: 503 5 [0111110111]
initial_state: 504 5 [0111111000]
initial_state: 505 5 [0111111001]
initial_state: 506 5 [0111111010]
initial_state: 507 5 [0111111011]
initial_state: 508 5 [0111111100]
initial_state: 509 5 [0111111101]
initial_state: 510 5 [0111111110]
initial_state: 511 5 [0111111111]
initial_state: 512 5 [1000000000]
initial_state: 513 5 [1000000001]
initial_state: 514 5 [1000000010]
initial_state: 515 5 [1000000011]
initial_state: 516 5 [1000000100]
initial_state: 517 5 [1000000101]
initial_state: 518 5 [1000000110]
initial_state: 519 5 [1000000111]
initial_state: 520 5 [1000001000]
initial_state: 521 5 [1000001001]
initial_state: 522 5 [1000001010]
initial_state: 523 5 [1000001011]
initial_state: 524 5 [1000001100]
initial_state: 525 5 [1000001101]
initial_state: 526 5 [1000001110]
initial_state: 527 5 [1000001111]
initial_state: 528 5 [1000010000]
initial_state: 529 5 [1000010001]
initial_state: 530 5 [1000010010]
initial_state: 531 5 [1000010011]
initial_state: 532 5 [1000010100]
initial_state: 533 5 [1000010101]
initial_state: 534 5 [1000010110]
initial_state: 535 5 [1000010111]
initial_state: 536 5 [1000011000]
initial_state: 537 5 [1000011001]
initial_state: 538 5 [1000011010]
initial_state: 539 5 [1000011011]
initial_state: 540 5 [1000011100]
initial_state: 541 5 [1000011101]
initial_state: 542 5 [1000011110]
initial_state: 543 5 [1000011111]
initial_state: 544 5 [1000100000]
initial_state: 545 5 [1000100001]
initial_state: 546 5 [1000100010]
initial_state: 547 5 [1000100011]
initial_state: 548 5 [1000100100]
initial_state: 549 5 [1000100101]
initial_state: 550 5 [1000100110]
initial_state: 551 5 [1000100111]
initial_state: 552 5 [1000101000]
initial_state: 553 5 [1000101001]
initial_state: 554 5 [1000101010]
initial_state: 555 5 [1000101011]
initial_state: 556 5 [1000101100]
initial_state: 557 5 [1000101101]
initial_state: 558 5 [1000101110]
initial_state: 559 5 [1000101111]
initial_state: 560 5 [1000110000]
initial_state: 561 5 [1000110001]
initial_state: 562 5 [1000110010]
initial_state: 563 5 [1000110011]
initial_state: 564 5 [1000110100]
initial_state: 565 5 [1000110101]
initial_state: 566 5 [1000110110]
initial_state: 567 5 [1000110111]
initial_state: 568 5 [1000111000]
initial_state: 569 5 [1000111001]
initial_state: 570 5 [1000111010]
initial_state: 571 5 [1000111011]
initial_state: 572 5 [1000111100]
initial_state: 573 5 [1000111101]
initial_state: 574 5 [1000111110]
initial_state: 575 5 [1000111111]
initial_state: 576 5 [1001000000]
initial_state: 577 5 [1001000001]
initial_state: 578 5 [1001000010]
initial_state: 579 5 [1001000011]
initial_state: 580 5 [1001000100]
initial_state: 581 5 [1001000101]
initial_state: 582 5 [1001000110]
initial_state: 583 5 [1001000111]
initial_state: 584 5 [1001001000]
initial_state: 585 5 [1001001001]
initial_state: 586 5 [1001001010]
initial_state: 587 5 [1001001011]
initial_state: 588 5 [1001001100]
initial_state: 589 5 [1001001101]
initial_state: 590 5 [1001001110]
initial_state: 591 5 [1001001111]
initial_state: 592 5 [1001010000]
initial_state: 593 5 [1001010001]
initial_state: 594 5 [1001010010]
initial_state: 595 5 [1001010011]
initial_state: 596 5 [1001010100]
initial_state: 597 5 [1001010101]
initial_state: 598 5 [1001010110]
initial_state: 599 5 [1001010111]
initial_state: 600 5 [1001011000]
initial_state: 601 5 [1001011001]
initial_state: 602 5 [1001011010]
initial_state: 603 5 [1001011011]
initial_state: 604 5 [1001011100]
initial_state: 605 5 [1001011101]
initial_state: 606 5 [1001011110]
initial_state: 607 5 [1001011111]
initial_state: 608 5 [1001100000]
initial_state: 609 5 [1001100001]
initial_state: 610 5 [1001100010]
initial_state: 611 5 [1001100011]
initial_state: 612 5 [1001100100]
initial_state: 613 5 [1001100101]
initial_state: 614 5 [1001100110]
initial_state: 615 5 [1001100111]
initial_state: 616 5 [1001101000]
initial_state: 617 5 [1001101001]
initial_state: 618 5 [1001101010]
initial_state: 619 5 [1001101011]
initial_state: 620 5 [1001101100]
initial_state: 621 5 [1001101101]
initial_state: 622 5 [1001101110]
initial_state: 623 5 [1001101111]
initial_state: 624 5 [1001110000]
initial_state: 625 5 [1001110001]
initial_state: 626 5 [1001110010]
initial_state: 627 5 [1001110011]
initial_state: 628 5 [1001110100]
initial_state: 629 5 [1001110101]
initial_state: 630 5 [1001110110]
initial_state: 631 5 [1001110111]
initial_state: 632 5 [1001111000]
initial_state: 633 5 [1001111001]
initial_state: 634 5 [1001111010]
initial_state: 635 5 [1001111011]
initial_state: 636 5 [1001111100]
initial_state: 637 5 [1001111101]
initial_state: 638 5 [1001111110]
initial_state: 639 5 [1001111111]
initial_state: 640 5 [1010000000]
initial_state: 641 5 [1010000001]
initial_state: 642 5 [1010000010]
initial_state: 643 5 [1010000011]
initial_state: 644 5 [1010000100]
initial_state: 645 5 [1010000101]
initial_state: 646 5 [1010000110]
initial_state: 647 5 [1010000111]
initial_state: 648 5 [1010001000]
initial_state: 649 5 [1010001001]
initial_state: 650 5 [1010001010]
initial_state: 651 5 [1010001011]
initial_state: 652 5 [1010001100]
initial_state: 653 5 [1010001101]
initial_state: 654 5 [1010001110]
initial_state: 655 5 [1010001111]
initial_state: 656 5 [1010010000]
initial_state: 657 5 [1010010001]
initial_state: 658 5 [1010010010]
initial_state: 659 5 [1010010011]
initial_state: 660 5 [1010010100]
initial_state: 661 5 [1010010101]
initial_state: 662 5 [1010010110]
initial_state: 663 5 [1010010111]
initial_state: 664 5 [1010011000]
initial_state: 665 5 [1010011001]
initial_state: 666 5 [1010011010]
initial_state: 667 5 [1010011011]
initial_state: 668 5 [1010011100]
initial_state: 669 5 [1010011101]
initial_state: 670 5 [1010011110]
initial_state: 671 5 [1010011111]
initial_state: 672 5 [1010100000]
initial_state: 673 5 [1010100001]
initial_state: 674 5 [1010100010]
initial_state: 675 5 [1010100011]
initial_state: 676 5 [1010100100]
initial_state: 677 5 [1010100101]
initial_state: 678 5 [1010100110]
initial_state: 679 5 [1010100111]
initial_state: 680 5 [1010101000]
initial_state: 681 5 [1010101001]
initial_state: 682 5 [1010101010]
initial_state: 683 5 [1010101011]
initial_state: 684 5 [1010101100]
initial_state: 685 5 [1010101101]
initial_state: 686 5 [1010101110]
initial_state: 687 5 [1010101111]
initial_state: 688 5 [1010110000]
initial_state: 689 5 [1010110001]
initial_state: 690 5 [1010110010]
initial_state: 691 5 [1010110011]
initial_state: 692 5 [1010110100]
initial_state: 693 5 [1010110101]
initial_state: 694 5 [1010110110]
initial_state: 695 5 [1010110111]
initial_state: 696 5 [1010111000]
initial_state: 697 5 [1010111001]
initial_state: 698 5 [1010111010]
initial_state: 699 5 [1010111011]
initial_state: 700 5 [1010111100]
initial_state: 701 5 [1010111101]
initial_state: 702 5 [1010111110]
initial_state: 703 5 [1010111111]
initial_state: 704 5 [1011000000]
initial_state: 705 5 [1011000001]
initial_state: 706 5 [1011000010]
initial_state: 707 5 [1011000011]
initial_state: 708 5 [1011000100]
initial_state: 709 5 [1011000101]
initial_state: 710 5 [1011000110]
initial_state: 711 5 [1011000111]
initial_state: 712 5 [1011001000]
initial_state: 713 5 [1011001001]
initial_state: 714 5 [1011001010]
initial_state: 715 5 [1011001011]
initial_state: 716 5 [1011001100]
initial_state: 717 5 [1011001101]
initial_state: 718 5 [1011001110]
initial_state: 719 5 [1011001111]
initial_state: 720 5 [1011010000]
initial_state: 721 5 [1011010001]
initial_state: 722 5 [1011010010]
initial_state: 723 5 [1011010011]
initial_state: 724 5 [1011010100]
initial_state: 725 5 [1011010101]
initial_state: 726 5 [1011010110]
initial_state: 727 5 [1011010111]
initial_state: 728 5 [1011011000]
initial_state: 729 5 [1011011001]
initial_state: 730 5 [1011011010]
initial_state: 731 5 [1011011011]
initial_state: 732 5 [1011011100]
initial_state: 733 5 [1011011101]
initial_state: 734 5 [1011011110]
initial_state: 735 5 [1011011111]
initial_state: 736 5 [1011100000]
initial_state: 737 5 [1011100001]
initial_state: 738 5 [1011100010]
initial_state: 739 5 [1011100011]
initial_state: 740 5 [1011100100]
initial_state: 741 5 [1011100101]
initial_state: 742 5 [1011100110]
initial_state: 743 5 [1011100111]
initial_state: 744 5 [1011101000]
initial_state: 745 5 [1011101001]
initial_state: 746 5 [1011101010]
initial_state: 747 5 [1011101011]
initial_state: 748 5 [1011101100]
initial_state: 749 5 [1011101101]
initial_state: 750 5 [1011101110]
initial_state: 751 5 [1011101111]
initial_state: 752 5 [1011110000]
initial_state: 753 5 [1011110001]
initial_state: 754 5 [1011110010]
initial_state: 755 5 [1011110011]
initial_state: 756 5 [1011110100]
initial_state: 757 5 [1011110101]
initial_state: 758 5 [1011110110]
initial_state: 759 5 [1011110111]
initial_state: 760 5 [1011111000]
initial_state: 761 5 [1011111001]
initial_state: 762 5 [1011111010]
initial_state: 763 5 [1011111011]
initial_state: 764 5 [1011111100]
initial_state: 765 5 [1011111101]
initial_state: 766 5 [1011111110]
initial_state: 767 5 [1011111111]
initial_state: 768 5 [1100000000]
initial_state: 769 5 [1100000001]
initial_state: 770 5 [1100000010]
initial_state: 771 5 [1100000011]
initial_state: 772 5 [1100000100]
initial_state: 773 5 [1100000101]
initial_state: 774 5 [1100000110]
initial_state: 775 5 [1100000111]
initial_state: 776 5 [1100001000]
initial_state: 777 5 [1100001001]
initial_state: 778 5 [1100001010]
initial_state: 779 5 [1100001011]
initial_state: 780 5 [1100001100]
initial_state: 781 5 [1100001101]
initial_state: 782 5 [1100001110]
initial_state: 783 5 [1100001111]
initial_state: 784 5 [1100010000]
initial_state: 785 5 [1100010001]
initial_state: 786 5 [1100010010]
initial_state: 787 5 [1100010011]
initial_state: 788 5 [1100010100]
initial_state: 789 5 [1100010101]
initial_state: 790 5 [1100010110]
initial_state: 791 5 [1100010111]
initial_state: 792 5 [1100011000]
initial_state: 793 5 [1100011001]
initial_state: 794 5 [1100011010]
initial_state: 795 5 [1100011011]
initial_state: 796 5 [1100011100]
initial_state: 797 5 [1100011101]
initial_state: 798 5 [1100011110]
initial_state: 799 5 [1100011111]
initial_state: 800 5 [1100100000]
initial_state: 801 5 [1100100001]
initial_state: 802 5 [1100100010]
initial_state: 803 5 [1100100011]
initial_state: 804 5 [1100100100]
initial_state: 805 5 [1100100101]
initial_state: 806 5 [1100100110]
initial_state: 807 5 [1100100111]
initial_state: 808 5 [1100101000]
initial_state: 809 5 [1100101001]
initial_state: 810 5 [1100101010]
initial_state: 811 5 [1100101011]
initial_state: 812 5 [1100101100]
initial_state: 813 5 [1100101101]
initial_state: 814 5 [1100101110]
initial_state: 815 5 [1100101111]
initial_state: 816 5 [1100110000]
initial_state: 817 5 [1100110001]
initial_state: 818 5 [1100110010]
initial_state: 819 5 [1100110011]
initial_state: 820 5 [1100110100]
initial_state: 821 5 [1100110101]
initial_state: 822 5 [1100110110]
initial_state: 823 5 [1100110111]
initial_state: 824 5 [1100111000]
initial_state: 825 5 [1100111001]
initial_state: 826 5 [1100111010]
initial_state: 827 5 [1100111011]
initial_state: 828 5 [1100111100]
initial_state: 829 5 [1100111101]
initial_state: 830 5 [1100111110]
initial_state: 831 5 [1100111111]
initial_state: 832 5 [1101000000]
initial_state: 833 5 [1101000001]
initial_state: 834 5 [1101000010]
initial_state: 835 5 [1101000011]
initial_state: 836 5 [1101000100]
initial_state: 837 5 [1101000101]
initial_state: 838 5 [1101000110]
initial_state: 839 5 [1101000111]
initial_state: 840 5 [1101001000]
initial_state: 841 5 [1101001001]
initial_state: 842 5 [1101001010]
initial_state: 843 5 [1101001011]
initial_state: 844 5 [1101001100]
initial_state: 845 5 [1101001101]
initial_state: 846 5 [1101001110]
initial_state: 847 5 [1101001111]
initial_state: 848 5 [1101010000]
initial_state: 849 5 [1101010001]
initial_state: 850 5 [1101010010]
initial_state: 851 5 [1101010011]
initial_state: 852 5 [1101010100]
initial_state: 853 5 [1101010101]
initial_state: 854 5 [1101010110]
initial_state: 855 5 [1101010111]
initial_state: 856 5 [1101011000]
initial_state: 857 5 [1101011001]
initial_state: 858 5 [1101011010]
initial_state: 859 5 [1101011011]
initial_state: 860 5 [1101011100]
initial_state: 861 5 [1101011101]
initial_state: 862 5 [1101011110]
initial_state: 863 5 [1101011111]
initial_state: 864 5 [1101100000]
initial_state: 865 5 [1101100001]
initial_state: 866 5 [1101100010]
initial_state: 867 5 [1101100011]
initial_state: 868 5 [1101100100]
initial_state: 869 5 [1101100101]
initial_state: 870 5 [1101100110]
initial_state: 871 5 [1101100111]
initial_state: 872 5 [1101101000]
initial_state: 873 5 [1101101001]
initial_state: 874 5 [1101101010]
initial_state: 875 5 [1101101011]
initial_state: 876 5 [1101101100]
initial_state: 877 5 [1101101101]
initial_state: 878 5 [1101101110]
initial_state: 879 5 [1101101111]
initial_state: 880 5 [1101110000]
initial_state: 881 5 [1101110001]
initial_state: 882 5 [1101110010]
initial_state: 883 5 [1101110011]
initial_state: 884 5 [1101110100]
initial_state: 885 5 [1101110101]
initial_state: 886 5 [1101110110]
initial_state: 887 5 [1101110111]
initial_state: 888 5 [1101111000]
initial_state: 889 5 [1101111001]
initial_state: 890 5 [1101111010]
initial_state: 891 5 [1101111011]
initial_state: 892 5 [1101111100]
initial_state: 893 5 [1101111101]
initial_state: 894 5 [1101111110]
initial_state: 895 5 [1101111111]
initial_state: 896 5 [1110000000]
initial_state: 897 5 [1110000001]
initial_state: 898 5 [1110000010]
initial_state: 899 5 [1110000011]
initial_state: 900 5 [1110000100]
initial_state: 901 5 [1110000101]
initial_state: 902 5 [1110000110]
initial_state: 903 5 [1110000111]
initial_state: 904 5 [1110001000]
initial_state: 905 5 [1110001001]
initial_state: 906 5 [1110001010]
initial_state: 907 5 [1110001011]
initial_state: 908 5 [1110001100]
initial_state: 909 5 [1110001101]
initial_state: 910 5 [1110001110]
initial_state: 911 5 [1110001111]
initial_state: 912 5 [1110010000]
initial_state: 913 5 [1110010001]
initial_state: 914 5 [1110010010]
initial_state: 915 5 [1110010011]
initial_state: 916 5 [1110010100]
initial_state: 917 5 [1110010101]
initial_state: 918 5 [1110010110]
initial_state: 919 5 [1110010111]
initial_state: 920 5 [1110011000]
initial_state: 921 5 [1110011001]
initial_state: 922 5 [1110011010]
initial_state: 923 5 [1110011011]
initial_state: 924 5 [1110011100]
initial_state: 925 5 [1110011101]
initial_state: 926 5 [1110011110]
initial_state: 927 5 [1110011111]
initial_state: 928 5 [1110100000]
initial_state: 929 5 [1110100001]
initial_state: 930 5 [1110100010]
initial_state: 931 5 [1110100011]
initial_state: 932 5 [1110100100]
initial_state: 933 5 [1110100101]
initial_state: 934 5 [1110100110]
initial_state: 935 5 [1110100111]
initial_state: 936 5 [1110101000]
initial_state: 937 5 [1110101001]
initial_state: 938 5 [1110101010]
initial_state: 939 5 [1110101011]
initial_state: 940 5 [1110101100]
initial_state: 941 5 [1110101101]
initial_state: 942 5 [1110101110]
initial_state: 943 5 [1110101111]
initial_state: 944 5 [1110110000]
initial_state: 945 5 [1110110001]
initial_state: 946 5 [1110110010]
initial_state: 947 5 [1110110011]
initial_state: 948 5 [1110110100]
initial_state: 949 5 [1110110101]
initial_state: 950 5 [1110110110]
initial_state: 951 5 [1110110111]
initial_state: 952 5 [1110111000]
initial_state: 953 5 [1110111001]
initial_state: 954 5 [1110111010]
initial_state: 955 5 [1110111011]
initial_state: 956 5 [1110111100]
initial_state: 957 5 [1110111101]
initial_state: 958 5 [1110111110]
initial_state: 959 5 [1110111111]
initial_state: 960 5 [1111000000]
initial_state: 961 5 [1111000001]
initial_state: 962 5 [1111000010]
initial_state: 963 5 [1111000011]
initial_state: 964 5 [1111000100]
initial_state: 965 5 [1111000101]
initial_state: 966 5 [1111000110]
initial_state: 967 5 [1111000111]
initial_state: 968 5 [1111001000]
initial_state: 969 5 [1111001001]
initial_state: 970 5 [1111001010]
initial_state: 971 5 [1111001011]
initial_state: 972 5 [1111001100]
initial_state: 973 5 [1111001101]
initial_state: 974 5 [1111001110]
initial_state: 975 5 [1111001111]
initial_state: 976 5 [1111010000]
initial_state: 977 5 [1111010001]
initial_state: 978 5 [1111010010]
initial_state: 979 5 [1111010011]
initial_state: 980 5 [1111010100]
initial_state: 981 5 [1111010101]
initial_state: 982 5 [1111010110]
initial_state: 983 5 [1111010111]
initial_state: 984 5 [1111011000]
initial_state: 985 5 [1111011001]
initial_state: 986 5 [1111011010]
initial_state: 987 5 [1111011011]
initial_state: 988 5 [1111011100]
initial_state: 989 5 [1111011101]
initial_state: 990 5 [1111011110]
initial_state: 991 5 [1111011111]
initial_state: 992 5 [1111100000]
initial_state: 993 5 [1111100001]
initial_state: 994 5 [1111100010]
initial_state: 995 5 [1111100011]
initial_state: 996 5 [1111100100]
initial_state: 997 5 [1111100101]
initial_state: 998 5 [1111100110]
initial_state: 999 5 [1111100111]
initial_state: 1000 5 [1111101000]
initial_state: 1001 5 [1111101001]
initial_state: 1002 5 [1111101010]
initial_state: 1003 5 [1111101011]
initial_state: 1004 5 [1111101100]
initial_state: 1005 5 [1111101101]
initial_state: 1006 5 [1111101110]
initial_state: 1007 5 [1111101111]
initial_state: 1008 5 [1111110000]
initial_state: 1009 5 [1111110001]
initial_state: 1010 5 [1111110010]
initial_state: 1011 5 [1111110011]
initial_state: 1012 5 [1111110100]
initial_state: 1013 5 [1111110101]
initial_state: 1014 5 [1111110110]
initial_state: 1015 5 [1111110111]
initial_state: 1016 5 [1111111000]
initial_state: 1017 5 [1111111001]
initial_state: 1018 5 [1111111010]
initial_state: 1019 5 [1111111011]
initial_state: 1020 5 [1111111100]
initial_state: 1021 5 [1111111101]
initial_state: 1022 5 [1111111110]
initial_state: 1023 5 [1111111111]
### FINAL ###
0 9.997000e-01
1 1.500000e-04
2 0.000000e+00
3 0.000000e+00
4 0.000000e+00
5 0.000000e+00
6 0.000000e+00
7 0.000000e+00
8 0.000000e+00
9 0.000000e+00
10 0.000000e+00
11 0.000000e+00
12 0.000000e+00
13 0.000000e+00
14 0.000000e+00
15 0.000000e+00
16 0.000000e+00
17 0.000000e+00
18 0.000000e+00
19 0.000000e+00
20 0.000000e+00
21 0.000000e+00
22 0.000000e+00
23 0.000000e+00
24 0.000000e+00
25 0.000000e+00
26 0.000000e+00
27 0.000000e+00
28 0.000000e+00
29 0.000000e+00
30 0.000000e+00
31 0.000000e+00
32 7.500000e-05
33 7.500000e-05
34 0.000000e+00
35 0.000000e+00
36 0.000000e+00
37 0.000000e+00
38 0.000000e+00
39 0.000000e+00
40 0.000000e+00
41 0.000000e+00
42 0.000000e+00
43 0.000000e+00
44 0.000000e+00
45 0.000000e+00
46 0.000000e+00
47 0.000000e+00
48 0.000000e+00
49 0.000000e+00
50 0.000000e+00
51 0.000000e+00
52 0.000000e+00
53 0.000000e+00
54 0.000000e+00
55 0.000000e+00
56 0.000000e+00
57 0.000000e+00
58 0.000000e+00
59 0.000000e+00
60 0.000000e+00
61 0.000000e+00
62 0.000000e+00
63 0.000000e+00
64 0.000000e+00
65 0.000000e+00
66 0.000000e+00
67 0.000000e+00
68 0.000000e+00
69 0.000000e+00
70 0.000000e+00
71 0.000000e+00
72 0.000000e+00
73 0.000000e+00
74 0.000000e+00
75 0.000000e+00
76 0.000000e+00
77 0.000000e+00
78 0.000000e+00
79 0.000000e+00
80 0.000000e+00
81 0.000000e+00
82 0.000000e+00
83 0.000000e+00
84 0.000000e+00
85 0.000000e+00
86 0.000000e+00
87 0.000000e+00
88 0.000000e+00
89 0.000000e+00
90 0.000000e+00
91 0.000000e+00
92 0.000000e+00
93 0.000000e+00
94 0.000000e+00
95 0.000000e+00
96 0.000000e+00
97 0.000000e+00
98 0.000000e+00
99 0.000000e+00
100 0.000000e+00
101 0.000000e+00
102 0.000000e+00
103 0.000000e+00
104 0.000000e+00
105 0.000000e+00
106 0.000000e+00
107 0.000000e+00
108 0.000000e+00
109 0.000000e+00
110 0.000000e+00
111 0.000000e+00
112 0.000000e+00
113 0.000000e+00
114 0.000000e+00
115 0.000000e+00
116 0.000000e+00
117 0.000000e+00
118 0.000000e+00
119 0.000000e+00
120 0.000000e+00
121 0.000000e+00
122 0.000000e+00
123 0.000000e+00
124 0.000000e+00
125 0.000000e+00
126 0.000000e+00
127 0.000000e+00
128 0.000000e+00
129 0.000000e+00
130 0.000000e+00
131 0.000000e+00
132 0.000000e+00
133 0.000000e+00
134 0.000000e+00
135 0.000000e+00
136 0.000000e+00
137 0.000000e+00
138 0.000000e+00
139 0.000000e+00
140 0.000000e+00
141 0.000000e+00
142 0.000000e+00
143 0.000000e+00
144 0.000000e+00
145 0.000000e+00
146 0.000000e+00
147 0.000000e+00
148 0.000000e+00
149 0.000000e+00
150 0.000000e+00
151 0.000000e+00
152 0.000000e+00
153 0.000000e+00
154 0.000000e+00
155 0.000000e+00
156 0.000000e+00
157 0.000000e+00
158 0.000000e+00
159 0.000000e+00
160 0.000000e+00
161 0.000000e+00
162 0.000000e+00
163 0.000000e+00
164 0.000000e+00
165 0.000000e+00
166 0.000000e+00
167 0.000000e+00
168 0.000000e+00
169 0.000000e+00
170 0.000000e+00
171 0.000000e+00
172 0.000000e+00
173 0.000000e+00
174 0.000000e+00
175 0.000000e+00
176 0.000000e+00
177 0.000000e+00
178 0.000000e+00
179 0.000000e+00
180 0.000000e+00
181 0.000000e+00
182 0.000000e+00
183 0.000000e+00
184 0.000000e+00
185 0.000000e+00
186 0.000000e+00
187 0.000000e+00
188 0.000000e+00
189 0.000000e+00
190 0.000000e+00
191 0.000000e+00
192 0.000000e+00
193 0.000000e+00
194 0.000000e+00
195 0.000000e+00
196 0.000000e+00
197 0.000000e+00
198 0.000000e+00
199 0.000000e+00
200 0.000000e+00
201 0.000000e+00
202 0.000000e+00
203 0.000000e+00
204 0.000000e+00
205 0.000000e+00
206 0.000000e+00
207 0.000000e+00
208 0.000000e+00
209 0.000000e+00
210 0.000000e+00
211 0.000000e+00
212 0.000000e+00
213 0.000000e+00
214 0.000000e+00
215 0.000000e+00
216 0.000000e+00
217 0.000000e+00
218 0.000000e+00
219 0.000000e+00
220 0.000000e+00
221 0.000000e+00
222 0.000000e+00
223 0.000000e+00
224 0.000000e+00
225 0.000000e+00
226 0.000000e+00
227 0.000000e+00
228 0.000000e+00
229 0.000000e+00
230 0.000000e+00
231 0.000000e+00
232 0.000000e+00
233 0.000000e+00
234 0.000000e+00
235 0.000000e+00
236 0.000000e+00
237 0.000000e+00
238 0.000000e+00
239 0.000000e+00
240 0.000000e+00
241 0.000000e+00
242 0.000000e+00
243 0.000000e+00
244 0.000000e+00
245 0.000000e+00
246 0.000000e+00
247 0.000000e+00
248 0.000000e+00
249 0.000000e+00
250 0.000000e+00
251 0.000000e+00
252 0.000000e+00
253 0.000000e+00
254 0.000000e+00
255 0.000000e+00
256 0.000000e+00
257 0.000000e+00
258 0.000000e+00
259 0.000000e+00
260 0.000000e+00
261 0.000000e+00
262 0.000000e+00
263 0.000000e+00
264 0.000000e+00
265 0.000000e+00
266 0.000000e+00
267 0.000000e+00
268 0.000000e+00
269 0.000000e+00
270 0.000000e+00
271 0.000000e+00
272 0.000000e+00
273 0.000000e+00
274 0.000000e+00
275 0.000000e+00
276 0.000000e+00
277 0.000000e+00
278 0.000000e+00
279 0.000000e+00
280 0.000000e+00
281 0.000000e+00
282 0.000000e+00
283 0.000000e+00
284 0.000000e+00
285 0.000000e+00
286 0.000000e+00
287 0.000000e+00
288 0.000000e+00
289 0.000000e+00
290 0.000000e+00
291 0.000000e+00
292 0.000000e+00
293 0.000000e+00
294 0.000000e+00
295 0.000000e+00
296 0.000000e+00
297 0.000000e+00
298 0.000000e+00
299 0.000000e+00
300 0.000000e+00
301 0.000000e+00
302 0.000000e+00
303 0.000000e+00
304 0.000000e+00
305 0.000000e+00
306 0.000000e+00
307 0.000000e+00
308 0.000000e+00
309 0.000000e+00
310 0.000000e+00
311 0.000000e+00
312 0.000000e+00
313 0.000000e+00
314 0.000000e+00
315 0.000000e+00
316 0.000000e+00
317 0.000000e+00
318 0.000000e+00
319 0.000000e+00
320 0.000000e+00
321 0.000000e+00
322 0.000000e+00
323 0.000000e+00
324 0.000000e+00
325 0.000000e+00
326 0.000000e+00
327 0.000000e+00
328 0.000000e+00
329 0.000000e+00
330 0.000000e+00
331 0.000000e+00
332 0.000000e+00
333 0.000000e+00
334 0.000000e+00
335 0.000000e+00
336 0.000000e+00
337 0.000000e+00
338 0.000000e+00
339 0.000000e+00
340 0.000000e+00
341 0.000000e+00
342 0.000000e+00
343 0.000000e+00
344 0.000000e+00
345 0.000000e+00
346 0.000000e+00
347 0.000000e+00
348 0.000000e+00
349 0.000000e+00
350 0.000000e+00
351 0.000000e+00
352 0.000000e+00
353 0.000000e+00
354 0.000000e+00
355 0.000000e+00
356 0.000000e+00
357 0.000000e+00
358 0.000000e+00
359 0.000000e+00
360 0.000000e+00
361 0.000000e+00
362 0.000000e+00
363 0.000000e+00
364 0.000000e+00
365 0.000000e+00
366 0.000000e+00
367 0.000000e+00
368 0.000000e+00
369 0.000000e+00
370 0.000000e+00
371 0.000000e+00
372 0.000000e+00
373 0.000000e+00
374 0.000000e+00
375 0.000000e+00
376 0.000000e+00
377 0.000000e+00
378 0.000000e+00
379 0.000000e+00
380 0.000000e+00
381 0.000000e+00
382 0.000000e+00
383 0.000000e+00
384 0.000000e+00
385 0.000000e+00
386 0.000000e+00
387 0.000000e+00
388 0.000000e+00
389 0.000000e+00
390 0.000000e+00
391 0.000000e+00
392 0.000000e+00
393 0.000000e+00
394 0.000000e+00
395 0.000000e+00
396 0.000000e+00
397 0.000000e+00
398 0.000000e+00
399 0.000000e+00
400 0.000000e+00
401 0.000000e+00
402 0.000000e+00
403 0.000000e+00
404 0.000000e+00
405 0.000000e+00
406 0.000000e+00
407 0.000000e+00
408 0.000000e+00
409 0.000000e+00
410 0.000000e+00
411 0.000000e+00
412 0.000000e+00
413 0.000000e+00
414 0.000000e+00
415 0.000000e+00
416 0.000000e+00
417 0.000000e+00
418 0.000000e+00
419 0.000000e+00
420 0.000000e+00
421 0.000000e+00
422 0.000000e+00
423 0.000000e+00
424 0.000000e+00
425 0.000000e+00
426 0.000000e+00
427 0.000000e+00
428 0.000000e+00
429 0.000000e+00
430 0.000000e+00
431 0.000000e+00
432 0.000000e+00
433 0.000000e+00
434 0.000000e+00
435 0.000000e+00
436 0.000000e+00
437 0.000000e+00
438 0.000000e+00
439 0.000000e+00
440 0.000000e+00
441 0.000000e+00
442 0.000000e+00
443 0.000000e+00
444 0.000000e+00
445 0.000000e+00
446 0.000000e+00
447 0.000000e+00
448 0.000000e+00
449 0.000000e+00
450 0.000000e+00
451 0.000000e+00
452 0.000000e+00
453 0.000000e+00
454 0.000000e+00
455 0.000000e+00
456 0.000000e+00
457 0.000000e+00
458 0.000000e+00
459 0.000000e+00
460 0.000000e+00
461 0.000000e+00
462 0.000000e+00
463 0.000000e+00
464 0.000000e+00
465 0.000000e+00
466 0.000000e+00
467 0.000000e+00
468 0.000000e+00
469 0.000000e+00
470 0.000000e+00
471 0.000000e+00
472 0.000000e+00
473 0.000000e+00
474 0.000000e+00
475 0.000000e+00
476 0.000000e+00
477 0.000000e+00
478 0.000000e+00
479 0.000000e+00
480 0.000000e+00
481 0.000000e+00
482 0.000000e+00
483 0.000000e+00
484 0.000000e+00
485 0.000000e+00
486 0.000000e+00
487 0.000000e+00
488 0.000000e+00
489 0.000000e+00
490 0.000000e+00
491 0.000000e+00
492 0.000000e+00
493 0.000000e+00
494 0.000000e+00
495 0.000000e+00
496 0.000000e+00
497 0.000000e+00
498 0.000000e+00
499 0.000000e+00
500 0.000000e+00
501 0.000000e+00
502 0.000000e+00
503 0.000000e+00
504 0.000000e+00
505 0.000000e+00
506 0.000000e+00
507 0.000000e+00
508 0.000000e+00
509 0.000000e+00
510 0.000000e+00
511 0.000000e+00
512 0.000000e+00
513 0.000000e+00
514 0.000000e+00
515 0.000000e+00
516 0.000000e+00
517 0.000000e+00
518 0.000000e+00
519 0.000000e+00
520 0.000000e+00
521 0.000000e+00
522 0.000000e+00
523 0.000000e+00
524 0.000000e+00
525 0.000000e+00
526 0.000000e+00
527 0.000000e+00
528 0.000000e+00
529 0.000000e+00
530 0.000000e+00
531 0.000000e+00
532 0.000000e+00
533 0.000000e+00
534 0.000000e+00
535 0.000000e+00
536 0.000000e+00
537 0.000000e+00
538 0.000000e+00
539 0.000000e+00
540 0.000000e+00
541 0.000000e+00
542 0.000000e+00
543 0.000000e+00
544 0.000000e+00
545 0.000000e+00
546 0.000000e+00
547 0.000000e+00
548 0.000000e+00
549 0.000000e+00
550 0.000000e+00
551 0.000000e+00
552 0.000000e+00
553 0.000000e+00
554 0.000000e+00
555 0.000000e+00
556 0.000000e+00
557 0.000000e+00
558 0.000000e+00
559 0.000000e+00
560 0.000000e+00
561 0.000000e+00
562 0.000000e+00
563 0.000000e+00
564 0.000000e+00
565 0.000000e+00
566 0.000000e+00
567 0.000000e+00
568 0.000000e+00
569 0.000000e+00
570 0.000000e+00
571 0.000000e+00
572 0.000000e+00
573 0.000000e+00
574 0.000000e+00
575 0.000000e+00
576 0.000000e+00
577 0.000000e+00
578 0.000000e+00
579 0.000000e+00
580 0.000000e+00
581 0.000000e+00
582 0.000000e+00
583 0.000000e+00
584 0.000000e+00
585 0.000000e+00
586 0.000000e+00
587 0.000000e+00
588 0.000000e+00
589 0.000000e+00
590 0.000000e+00
591 0.000000e+00
592 0.000000e+00
593 0.000000e+00
594 0.000000e+00
595 0.000000e+00
596 0.000000e+00
597 0.000000e+00
598 0.000000e+00
599 0.000000e+00
600 0.000000e+00
601 0.000000e+00
602 0.000000e+00
603 0.000000e+00
604 0.000000e+00
605 0.000000e+00
606 0.000000e+00
607 0.000000e+00
608 0.000000e+00
609 0.000000e+00
610 0.000000e+00
611 0.000000e+00
612 0.000000e+00
613 0.000000e+00
614 0.000000e+00
615 0.000000e+00
616 0.000000e+00
617 0.000000e+00
618 0.000000e+00
619 0.000000e+00
620 0.000000e+00
621 0.000000e+00
622 0.000000e+00
623 0.000000e+00
624 0.000000e+00
625 0.000000e+00
626 0.000000e+00
627 0.000000e+00
628 0.000000e+00
629 0.000000e+00
630 0.000000e+00
631 0.000000e+00
632 0.000000e+00
633 0.000000e+00
634 0.000000e+00
635 0.000000e+00
636 0.000000e+00
637 0.000000e+00
638 0.000000e+00
639 0.000000e+00
640 0.000000e+00
641 0.000000e+00
642 0.000000e+00
643 0.000000e+00
644 0.000000e+00
645 0.000000e+00
646 0.000000e+00
647 0.000000e+00
648 0.000000e+00
649 0.000000e+00
650 0.000000e+00
651 0.000000e+00
652 0.000000e+00
653 0.000000e+00
654 0.000000e+00
655 0.000000e+00
656 0.000000e+00
657 0.000000e+00
658 0.000000e+00
659 0.000000e+00
660 0.000000e+00
661 0.000000e+00
662 0.000000e+00
663 0.000000e+00
664 0.000000e+00
665 0.000000e+00
666 0.000000e+00
667 0.000000e+00
668 0.000000e+00
669 0.000000e+00
670 0.000000e+00
671 0.000000e+00
672 0.000000e+00
673 0.000000e+00
674 0.000000e+00
675 0.000000e+00
676 0.000000e+00
677 0.000000e+00
678 0.000000e+00
679 0.000000e+00
680 0.000000e+00
681 0.000000e+00
682 0.000000e+00
683 0.000000e+00
684 0.000000e+00
685 0.000000e+00
686 0.000000e+00
687 0.000000e+00
688 0.000000e+00
689 0.000000e+00
690 0.000000e+00
691 0.000000e+00
692 0.000000e+00
693 0.000000e+00
694 0.000000e+00
695 0.000000e+00
696 0.000000e+00
697 0.000000e+00
698 0.000000e+00
699 0.000000e+00
700 0.000000e+00
701 0.000000e+00
702 0.000000e+00
703 0.000000e+00
704 0.000000e+00
705 0.000000e+00
706 0.000000e+00
707 0.000000e+00
708 0.000000e+00
709 0.000000e+00
710 0.000000e+00
711 0.000000e+00
712 0.000000e+00
713 0.000000e+00
714 0.000000e+00
715 0.000000e+00
716 0.000000e+00
717 0.000000e+00
718 0.000000e+00
719 0.000000e+00
720 0.000000e+00
721 0.000000e+00
722 0.000000e+00
723 0.000000e+00
724 0.000000e+00
725 0.000000e+00
726 0.000000e+00
727 0.000000e+00
728 0.000000e+00
729 0.000000e+00
730 0.000000e+00
731 0.000000e+00
732 0.000000e+00
733 0.000000e+00
734 0.000000e+00
735 0.000000e+00
736 0.000000e+00
737 0.000000e+00
738 0.000000e+00
739 0.000000e+00
740 0.000000e+00
741 0.000000e+00
742 0.000000e+00
743 0.000000e+00
744 0.000000e+00
745 0.000000e+00
746 0.000000e+00
747 0.000000e+00
748 0.000000e+00
749 0.000000e+00
750 0.000000e+00
751 0.000000e+00
752 0.000000e+00
753 0.000000e+00
754 0.000000e+00
755 0.000000e+00
756 0.000000e+00
757 0.000000e+00
758 0.000000e+00
759 0.000000e+00
760 0.000000e+00
761 0.000000e+00
762 0.000000e+00
763 0.000000e+00
764 0.000000e+00
765 0.000000e+00
766 0.000000e+00
767 0.000000e+00
768 0.000000e+00
769 0.000000e+00
770 0.000000e+00
771 0.000000e+00
772 0.000000e+00
773 0.000000e+00
774 0.000000e+00
775 0.000000e+00
776 0.000000e+00
777 0.000000e+00
778 0.000000e+00
779 0.000000e+00
780 0.000000e+00
781 0.000000e+00
782 0.000000e+00
783 0.000000e+00
784 0.000000e+00
785 0.000000e+00
786 0.000000e+00
787 0.000000e+00
788 0.000000e+00
789 0.000000e+00
790 0.000000e+00
791 0.000000e+00
792 0.000000e+00
793 0.000000e+00
794 0.000000e+00
795 0.000000e+00
796 0.000000e+00
797 0.000000e+00
798 0.000000e+00
799 0.000000e+00
800 0.000000e+00
801 0.000000e+00
802 0.000000e+00
803 0.000000e+00
804 0.000000e+00
805 0.000000e+00
806 0.000000e+00
807 0.000000e+00
808 0.000000e+00
809 0.000000e+00
810 0.000000e+00
811 0.000000e+00
812 0.000000e+00
813 0.000000e+00
814 0.000000e+00
815 0.000000e+00
816 0.000000e+00
817 0.000000e+00
818 0.000000e+00
819 0.000000e+00
820 0.000000e+00
821 0.000000e+00
822 0.000000e+00
823 0.000000e+00
824 0.000000e+00
825 0.000000e+00
826 0.000000e+00
827 0.000000e+00
828 0.000000e+00
829 0.000000e+00
830 0.000000e+00
831 0.000000e+00
832 0.000000e+00
833 0.000000e+00
834 0.000000e+00
835 0.000000e+00
836 0.000000e+00
837 0.000000e+00
838 0.000000e+00
839 0.000000e+00
840 0.000000e+00
841 0.000000e+00
842 0.000000e+00
843 0.000000e+00
844 0.000000e+00
845 0.000000e+00
846 0.000000e+00
847 0.000000e+00
848 0.000000e+00
849 0.000000e+00
850 0.000000e+00
851 0.000000e+00
852 0.000000e+00
853 0.000000e+00
854 0.000000e+00
855 0.000000e+00
856 0.000000e+00
857 0.000000e+00
858 0.000000e+00
859 0.000000e+00
860 0.000000e+00
861 0.000000e+00
862 0.000000e+00
863 0.000000e+00
864 0.000000e+00
865 0.000000e+00
866 0.000000e+00
867 0.000000e+00
868 0.000000e+00
869 0.000000e+00
870 0.000000e+00
871 0.000000e+00
872 0.000000e+00
873 0.000000e+00
874 0.000000e+00
875 0.000000e+00
876 0.000000e+00
877 0.000000e+00
878 0.000000e+00
879 0.000000e+00
880 0.000000e+00
881 0.000000e+00
882 0.000000e+00
883 0.000000e+00
884 0.000000e+00
885 0.000000e+00
886 0.000000e+00
887 0.000000e+00
888 0.000000e+00
889 0.000000e+00
890 0.000000e+00
891 0.000000e+00
892 0.000000e+00
893 0.000000e+00
894 0.000000e+00
895 0.000000e+00
896 0.000000e+00
897 0.000000e+00
898 0.000000e+00
899 0.000000e+00
900 0.000000e+00
901 0.000000e+00
902 0.000000e+00
903 0.000000e+00
904 0.000000e+00
905 0.000000e+00
906 0.000000e+00
907 0.000000e+00
908 0.000000e+00
909 0.000000e+00
910 0.000000e+00
911 0.000000e+00
912 0.000000e+00
913 0.000000e+00
914 0.000000e+00
915 0.000000e+00
916 0.000000e+00
917 0.000000e+00
918 0.000000e+00
919 0.000000e+00
920 0.000000e+00
921 0.000000e+00
922 0.000000e+00
923 0.000000e+00
924 0.000000e+00
925 0.000000e+00
926 0.000000e+00
927 0.000000e+00
928 0.000000e+00
929 0.000000e+00
930 0.000000e+00
931 0.000000e+00
932 0.000000e+00
933 0.000000e+00
934 0.000000e+00
935 0.000000e+00
936 0.000000e+00
937 0.000000e+00
938 0.000000e+00
939 0.000000e+00
940 0.000000e+00
941 0.000000e+00
942 0.000000e+00
943 0.000000e+00
944 0.000000e+00
945 0.000000e+00
946 0.000000e+00
947 0.000000e+00
948 0.000000e+00
949 0.000000e+00
950 0.000000e+00
951 0.000000e+00
952 0.000000e+00
953 0.000000e+00
954 0.000000e+00
955 0.000000e+00
956 0.000000e+00
957 0.000000e+00
958 0.000000e+00
959 0.000000e+00
960 0.000000e+00
961 0.000000e+00
962 0.000000e+00
963 0.000000e+00
964 0.000000e+00
965 0.000000e+00
966 0.000000e+00
967 0.000000e+00
968 0.000000e+00
969 0.000000e+00
970 0.000000e+00
971 0.000000e+00
972 0.000000e+00
973 0.000000e+00
974 0.000000e+00
975 0.000000e+00
976 0.000000e+00
977 0.000000e+00
978 0.000000e+00
979 0.000000e+00
980 0.000000e+00
981 0.000000e+00
982 0.000000e+00
983 0.000000e+00
984 0.000000e+00
985 0.000000e+00
986 0.000000e+00
987 0.000000e+00
988 0.000000e+00
989 0.000000e+00
990 0.000000e+00
991 0.000000e+00
992 0.000000e+00
993 0.000000e+00
994 0.000000e+00
995 0.000000e+00
996 0.000000e+00
997 0.000000e+00
998 0.000000e+00
999 0.000000e+00
1000 0.000000e+00
1001 0.000000e+00
1002 0.000000e+00
1003 0.000000e+00
1004 0.000000e+00
1005 0.000000e+00
1006 0.000000e+00
1007 0.000000e+00
1008 0.000000e+00
1009 0.000000e+00
1010 0.000000e+00
1011 0.000000e+00
1012 0.000000e+00
1013 0.000000e+00
1014 0.000000e+00
1015 0.000000e+00
1016 0.000000e+00
1017 0.000000e+00
1018 0.000000e+00
1019 0.000000e+00
1020 0.000000e+00
1021 0.000000e+00
1022 0.000000e+00
1023 0.000000e+00
